"rank","team","conf","record","barthag","adj_o","adj_o_rk","adj_d","adj_d_rk","adj_tempo","adj_tempo_rk","proj_record","proj_conf_record","wab","wab_rk","date"
318,"Abilene Christian","Slnd","9-18",0.153008149706235,96.2948947108717,305,111.744531047527,309,68.269346588107,208,"9-18","8-10",-14.416794615413,286,2016-03-25
249,"Air Force","MWC","12-18",0.310096182428273,98.2745721722244,278,105.351440291444,204,67.8167997170393,234,"12-18","5-13",-10.8694688227761,221,2016-03-25
93,"Akron","MAC","25-9",0.716326766128938,109.02611081355,88,100.588547244192,116,68.1839941238434,213,"25-9","13-5",-1.36248860195268,78,2016-03-25
80,"Alabama","SEC","18-15",0.740482410221933,105.493084950826,146,96.3004948878095,41,65.6121865923251,320,"18-15","8-10",-0.6129134835205,62,2016-03-25
310,"Alabama A&M","SWAC","10-18",0.159740680146646,98.3631558651917,275,113.639134075717,331,66.0838771689527,308,"10-18","6-12",-15.0578926601107,293,2016-03-25
294,"Alabama St.","SWAC","12-17",0.196939614529311,98.0470076143975,281,110.793407419298,298,69.6608484768359,128,"12-17","9-9",-13.0827404847172,262,2016-03-25
138,"Albany","AE","23-9",0.569420755960473,104.651213678483,159,102.138498495823,144,67.2395377852836,258,"23-9","13-3",-3.99177798871031,104,2016-03-25
307,"Alcorn St.","SWAC","13-15",0.166488477335898,96.8833127842249,296,111.449327526953,305,66.3740322852562,297,"13-15","13-5",-11.4705282366604,233,2016-03-25
322,"American","Pat","12-19",0.142675867362903,91.2998169708275,336,106.706572476748,227,62.1059822251714,349,"12-19","9-9",-14.0480175610669,282,2016-03-25
271,"Appalachian St.","SB","9-22",0.257617997829345,100.848042124111,217,110.569957765149,291,71.1680338573951,73,"9-22","7-13",-15.1908099766274,295,2016-03-25
21,"Arizona","P12","25-9",0.905543056261081,116.261364906366,21,95.5151704546582,32,68.9786318094991,165,"25-9","12-6",3.40847561211953,23,2016-03-25
90,"Arizona St.","P12","15-17",0.720133799155381,108.407974717182,98,99.8547706711359,106,68.8296386610315,172,"15-17","5-13",-4.15430269770117,107,2016-03-25
71,"Arkansas","SEC","16-16",0.761574205192122,109.535000386786,82,99.0137732149995,85,70.8880676377237,86,"16-16","9-9",-4.63284118808653,113,2016-03-25
69,"Arkansas Little Rock","SB","28-5",0.77310563580888,107.597668259171,110,96.717684806792,50,63.7459798998948,345,"28-5","17-3",2.07377368683256,31,2016-03-25
347,"Arkansas Pine Bluff","SWAC","8-25",0.07184831839533,87.7784088929081,347,109.65135316408,284,65.743042500476,317,"8-25","6-12",-17.7488281639325,332,2016-03-25
258,"Arkansas St.","SB","9-20",0.282941668305629,99.0438891222146,261,107.385522703867,244,73.1922020947962,21,"9-20","7-13",-13.9352569475358,276,2016-03-25
244,"Army","Pat","18-14",0.318008097500931,98.5588616430437,272,105.319294936587,203,73.2235165844615,20,"18-14","9-9",-9.34112111401071,191,2016-03-25
187,"Auburn","SEC","11-20",0.442250253899583,100.275195355967,230,102.318988377652,151,72.3982323435314,39,"11-20","5-13",-8.24195489533551,170,2016-03-25
226,"Austin Peay","OVC","16-18",0.351759444504971,103.387254309172,176,109.031786026761,274,70.4083179414292,98,"16-18","7-9",-11.3180367795497,230,2016-03-25
166,"Ball St.","MAC","20-14",0.498038138670105,102.016568963447,194,102.08620781292,140,66.0912703016568,307,"20-14","10-8",-8.31384027864133,171,2016-03-25
25,"Baylor","B12","21-12",0.893855705208037,119.3618535199,11,99.1741601822332,88,67.2828001577162,257,"21-12","10-8",3.55952196557392,21,2016-03-25
122,"Belmont","OVC","19-12",0.613055497907438,113.562154348894,35,109.107665929339,275,72.6199499125493,35,"19-12","12-4",-4.90273178273252,117,2016-03-25
296,"Bethune Cookman","MEAC","12-18",0.188633585668105,97.4772892257527,290,110.662103732977,296,67.6698357397765,242,"12-18","10-6",-13.807674616142,273,2016-03-25
304,"Binghamton","AE","8-22",0.175000024223426,89.2312240942355,344,102.111521825854,143,66.478752273254,295,"8-22","5-11",-17.2968133768691,325,2016-03-25
86,"Boise St.","MWC","18-12",0.727951437198839,108.402524486902,99,99.5105924078014,98,70.1844664453138,107,"18-12","11-7",-3.63640515503988,99,2016-03-25
211,"Boston College","ACC","7-25",0.380528432580392,95.0731227868934,314,99.1883666371774,89,67.6984258238204,240,"7-25","0-18",-12.2321217831976,244,2016-03-25
227,"Boston University","Pat","18-15",0.349346646730918,101.696092638293,200,107.34717572477,242,70.5178429476497,93,"18-15","11-7",-9.96764498307296,200,2016-03-25
243,"Bowling Green","MAC","14-18",0.318968804778022,99.0365203033007,263,105.78899354601,210,69.1970771951396,153,"14-18","5-13",-11.9299163887126,240,2016-03-25
323,"Bradley","MVC","4-27",0.139705852596074,86.0593446738331,349,100.796238990289,122,67.9712530284014,227,"4-27","3-15",-17.7198724889345,331,2016-03-25
273,"Brown","Ivy","7-20",0.253597463829211,100.983486303423,214,110.922086323763,300,71.5087246754911,59,"7-20","3-11",-14.0429116364153,281,2016-03-25
342,"Bryant","NEC","7-23",0.0959252328686998,93.1865518451846,325,113.258942321457,326,68.0825957607664,222,"7-23","5-13",-17.7040224200743,330,2016-03-25
178,"Bucknell","Pat","16-14",0.466350314930996,104.047524348791,165,105.274341229875,202,72.0990077441846,48,"16-14","14-4",-9.09809460743262,187,2016-03-25
137,"Buffalo","MAC","19-15",0.570722198658025,105.035944880659,151,102.466667791641,152,72.8385014957692,27,"19-15","10-8",-5.81588309752923,129,2016-03-25
26,"Butler","BE","22-11",0.886536505458469,117.986083947843,14,98.6716714940391,80,69.0931085659783,160,"22-11","10-8",2.05923948076395,32,2016-03-25
46,"BYU","WCC","25-10",0.829231911322531,112.70148368351,42,98.2322390209812,69,74.1253038700927,11,"25.5-10.5","13-5",-1.48721637496354,81,2016-03-25
192,"Cal Poly","BW","8-20",0.430492542748131,106.673105955329,122,109.30073828097,279,67.2297868662126,259,"8-20","4-12",-12.0012049981183,241,2016-03-25
95,"Cal St. Bakersfield","WAC","21-9",0.714726091377685,103.546356214437,170,95.5982216414309,34,68.2963265146052,205,"21-9","11-3",-3.52233311027058,97,2016-03-25
239,"Cal St. Fullerton","BW","8-20",0.324702583130673,101.523172988703,203,108.19773494674,260,69.463211673939,139,"8-20","3-13",-13.6629463753774,269,2016-03-25
233,"Cal St. Northridge","BW","8-20",0.332834451608621,99.3534360498987,257,105.546594486593,206,71.2416556200634,66,"8-20","5-11",-13.4179594392741,266,2016-03-25
22,"California","P12","23-11",0.903489900613149,112.635875179833,43,92.7281239965054,12,68.7438899019289,178,"23-11","12-6",2.24097135077968,29,2016-03-25
295,"Campbell","BSth","9-18",0.188815475664485,99.6299900712843,244,113.094296077628,325,69.11446019766,158,"9-18","5-13",-15.0843508389422,294,2016-03-25
237,"Canisius","MAAC","14-19",0.328165996337108,106.472504613809,126,113.317136719219,329,68.4540136775579,192,"14-19","8-12",-13.7402897086155,271,2016-03-25
329,"Central Arkansas","Slnd","7-21",0.130702700469765,99.85640640332,240,117.741900933514,348,72.7650653052556,30,"7-21","6-12",-15.9690440993352,308,2016-03-25
349,"Central Connecticut","NEC","4-25",0.0562459253368202,92.3416336955837,331,118.004644072253,350,68.3104264319682,202,"4-25","3-15",-21.9339260493659,351,2016-03-25
145,"Central Michigan","MAC","14-16",0.553055308813399,110.210156472214,71,108.187442723989,259,67.3666409807936,255,"14-16","10-8",-9.23196826890854,188,2016-03-25
293,"Charleston Southern","BSth","6-21",0.198072013274665,97.7025545423348,287,110.335604879404,289,69.1755370810574,154,"6-21","5-13",-15.521087369242,300,2016-03-25
218,"Charlotte","CUSA","14-19",0.369978305845836,103.47116490593,171,108.37319608595,264,71.1497744536445,75,"14-19","9-9",-12.6624910089794,254,2016-03-25
117,"Chattanooga","SC","27-6",0.62863410387517,105.524344556477,145,100.803301714569,123,67.2147925486417,261,"27-6","15-3",0.402462988842568,44,2016-03-25
346,"Chicago St.","WAC","1-28",0.078282975074094,90.7893089470552,339,112.501699521014,316,70.3068261314769,100,"1-28","0-14",-21.1696443311613,349,2016-03-25
36,"Cincinnati","Amer","22-11",0.86411246271852,109.847550343982,76,93.5255607227793,19,65.9292028675994,314,"22-11","12-6",0.301973411092899,45,2016-03-25
49,"Clemson","ACC","17-14",0.824666162008592,112.092069954724,49,97.9725118140792,65,64.3631405024868,339,"17-14","10-8",-2.43074341895661,90,2016-03-25
289,"Cleveland St.","Horz","7-23",0.208226539323058,90.3039186629684,341,101.425467720381,134,64.7910122270751,336,"7-23","4-14",-15.8923048163674,304,2016-03-25
161,"Coastal Carolina","BSth","18-11",0.505728214638757,101.97869528964,195,101.775704052499,136,67.4198542850375,252,"18.4-11.6","12-6",-7.01893328791619,156,2016-03-25
266,"Colgate","Pat","12-17",0.26892488385831,102.566130820569,187,111.885005282053,312,65.6001643510525,321,"12-17","9-9",-12.2712449397361,246,2016-03-25
127,"College of Charleston","CAA","16-14",0.593400812861965,96.3317554967894,303,93.2165040146924,14,64.8810952870947,335,"16-14","8-10",-7.27335246699327,160,2016-03-25
55,"Colorado","P12","21-12",0.812174923908785,107.948039401647,105,95.0428507663368,29,69.8377664845225,121,"21-12","10-8",0.697157136167187,41,2016-03-25
140,"Colorado St.","MWC","16-16",0.566084521984048,111.564921208551,57,109.015000146277,273,68.8368504425334,171,"16-16","8-10",-8.49853192140476,176,2016-03-25
115,"Columbia","Ivy","21-10",0.640255484055805,111.85529297797,54,106.386416633464,220,65.5881748441166,323,"22.4-10.6","10-4",-4.2573715090592,109,2016-03-25
33,"Connecticut","Amer","25-11",0.87306571959253,110.397853277057,67,93.3549440883422,16,66.7671188868595,281,"25-11","11-7",1.18334753486723,38,2016-03-25
327,"Coppin St.","MEAC","7-22",0.135266002548462,95.1701429765297,312,111.83070402545,311,71.0291551184872,81,"7-22","6-10",-16.1655472629216,312,2016-03-25
283,"Cornell","Ivy","9-18",0.224429665062478,96.6407022601993,300,107.643974103373,250,73.2540285635399,19,"9-18","3-11",-11.5969369761691,235,2016-03-25
38,"Creighton","BE","20-15",0.857121550415824,112.544626636369,44,96.308808393923,42,71.1970955870481,69,"20-15","9-9",-1.83404103686267,84,2016-03-25
220,"Dartmouth","Ivy","9-18",0.368258802164974,98.8206335840436,266,103.56882063081,171,68.1225094822153,219,"9-18","4-10",-12.4407042903846,249,2016-03-25
109,"Davidson","A10","19-13",0.665890308512901,112.833567712504,41,106.265834667673,217,71.1965895629283,70,"19-13","10-8",-2.08655208182098,87,2016-03-25
53,"Dayton","A10","25-8",0.814205863062155,105.4180913434,148,92.7075183353978,11,68.3899476299147,196,"25-8","14-4",2.43275579601154,27,2016-03-25
268,"Delaware","CAA","7-23",0.263167365869293,100.536912220032,223,109.952980214943,287,68.0572988840251,224,"7-23","2-16",-15.2428903169854,296,2016-03-25
348,"Delaware St.","MEAC","5-25",0.0568585677632006,88.5005118933239,345,112.983152321903,321,67.0016475302832,269,"5-25","5-11",-20.0094059591325,346,2016-03-25
181,"Denver","Sum","16-15",0.459879286019007,102.207664201851,190,103.647090186082,175,61.8755806408634,350,"16-15","7-9",-10.2041481326877,205,2016-03-25
172,"DePaul","BE","9-22",0.483280403998181,103.704719613922,168,104.30979893264,184,67.9966802426667,225,"9-22","3-15",-9.24437044158064,189,2016-03-25
174,"Detroit","Horz","14-15",0.475255416786002,109.732536312347,78,110.681838450964,297,74.4143690885639,8,"14-15","9-9",-8.38904753919243,172,2016-03-25
260,"Drake","MVC","6-24",0.280919560381226,102.878080687235,183,111.639559401134,308,66.2435963276018,302,"6-24","2-16",-16.8662098812874,322,2016-03-25
246,"Drexel","CAA","6-24",0.314084587160272,98.7574974449158,268,105.698253135035,208,65.4631782690104,327,"6-24","3-15",-16.3495122713626,315,2016-03-25
20,"Duke","ACC","25-11",0.912117022299966,121.304078862131,8,98.9725819762945,84,68.5726473340715,184,"25-11","11-7",4.25925554390465,17,2016-03-25
133,"Duquesne","A10","16-17",0.576513303956518,108.118892604911,101,105.257260282527,201,73.4750154117525,18,"16-17","6-12",-7.80987070133262,168,2016-03-25
185,"East Carolina","Amer","12-20",0.445754280986573,102.385130497034,188,104.343059931711,185,67.8637335091602,231,"12-20","4-14",-10.5798750277986,214,2016-03-25
177,"East Tennessee St.","SC","21-11",0.467181293471038,105.63728803267,141,106.851824114442,230,69.5533490099234,133,"21.7-12.3","14-4",-5.10976873122127,119,2016-03-25
265,"Eastern Illinois","OVC","11-17",0.269516466897859,99.4071648624428,255,108.410674487818,266,67.7328014228292,238,"11-17","9-7",-12.325723212624,248,2016-03-25
198,"Eastern Kentucky","OVC","14-16",0.40982044208908,105.833214887581,136,109.243367665421,278,73.1169115548582,23,"14-16","6-10",-10.4895844186002,211,2016-03-25
152,"Eastern Michigan","MAC","14-15",0.531287213180485,105.643273786518,140,104.498355128079,189,71.1307255649333,76,"14-15","9-9",-7.77764469772201,167,2016-03-25
176,"Eastern Washington","BSky","16-16",0.473325420938812,111.803879976409,55,112.847031321255,319,69.3571280738037,146,"16-16","10-8",-10.6932717924171,216,2016-03-25
168,"Elon","CAA","14-16",0.49393666574142,104.964724856936,153,105.18633844566,200,72.2726029912829,44,"14-16","7-11",-8.44623261353772,175,2016-03-25
88,"Evansville","MVC","24-9",0.721508888800042,105.682051645855,138,97.2860948516984,57,69.4628035738648,140,"24-9","12-6",-1.43296116733773,80,2016-03-25
205,"Fairfield","MAAC","19-14",0.40043495616007,102.685909464779,186,106.354215386684,219,72.3302579256985,41,"19-14","12-8",-7.0722959721996,157,2016-03-25
290,"Fairleigh Dickinson","NEC","17-15",0.207836611798107,102.933486055746,180,115.634248534864,341,72.3628028018245,40,"17-15","11-7",-9.87361498578078,199,2016-03-25
223,"FIU","CUSA","11-19",0.360335781749383,102.129221706398,191,107.355295491392,243,65.9498315044858,312,"11-19","7-11",-14.6268676127725,288,2016-03-25
34,"Florida","SEC","21-15",0.869209273876717,109.996727830951,75,93.2940410654135,15,69.7913905854369,122,"21-15","9-9",0.12798938328364,50,2016-03-25
351,"Florida A&M","MEAC","6-21",0.0501915353882786,82.9082272609144,351,107.063537888707,235,70.2996004027,102,"6-21","4-12",-18.3068160179948,335,2016-03-25
299,"Florida Atlantic","CUSA","7-24",0.184244736895629,94.9893350691263,316,108.109308762384,258,68.2653657006445,209,"7-24","5-13",-17.2807645054891,324,2016-03-25
157,"Florida Gulf Coast","ASun","17-14",0.51208175198077,102.927581796332,181,102.495867931938,153,67.8600457202904,232,"17-14","8-6",-8.40491126488972,173,2016-03-25
59,"Florida St.","ACC","20-14",0.806649938744494,112.191027845095,48,99.086719285483,87,72.5926509619426,36,"20-14","8-10",0.154917658255095,49,2016-03-25
154,"Fordham","A10","16-14",0.527160429371222,101.621838510517,201,100.665389710225,119,67.3949402310755,253,"16-14","8-10",-5.99496475654378,132,2016-03-25
108,"Fresno St.","MWC","23-10",0.673911098711676,106.511361156348,124,99.9957284633425,110,69.7127398196762,125,"23-10","13-5",-0.849236379340784,67,2016-03-25
197,"Furman","SC","17-16",0.410651526345275,102.946555475783,179,106.2319582206,215,65.8249613896409,316,"17-16","11-7",-10.0963560295935,204,2016-03-25
235,"Gardner Webb","BSth","14-16",0.330184866383289,100.009344633028,238,106.353903098971,218,70.0064186353629,114,"14-16","10-8",-10.3114286542417,206,2016-03-25
189,"George Mason","A10","11-21",0.439754778695382,101.212062103571,209,103.365897871799,168,68.5113269912118,188,"11-21","5-13",-11.6180951112525,236,2016-03-25
57,"George Washington","A10","26-10",0.810302374176421,113.621080094016,34,100.144111182545,112,67.359925547374,256,"26.8-11.2","11-7",-0.741591964541408,64,2016-03-25
60,"Georgetown","BE","15-18",0.805907044656949,111.101591247089,60,98.1651241290397,68,68.7630527791427,177,"15-18","7-11",-4.19419177324958,108,2016-03-25
66,"Georgia","SEC","20-14",0.787418328657169,107.891450678984,107,96.2801201653271,40,67.8118427116767,235,"20-14","10-8",-0.79792320609831,65,2016-03-25
209,"Georgia Southern","SB","12-17",0.391591513291682,103.956437427263,166,108.016863166468,256,69.4266411154012,142,"12-17","10-10",-11.4074609593793,232,2016-03-25
170,"Georgia St.","SB","14-14",0.489773653603441,99.5240835145331,250,99.8787695848978,107,65.3281089935728,329,"14-14","9-11",-8.59035639154306,177,2016-03-25
44,"Georgia Tech","ACC","21-15",0.844513675048766,113.834349837043,32,98.2579556089348,71,67.7263385183129,239,"21-15","8-10",0.000886933809115975,52,2016-03-25
11,"Gonzaga","WCC","27-8",0.925365113975237,117.461548725191,16,94.3669594165676,24,68.1419409591633,217,"27-8","15-3",2.11269091666756,30,2016-03-25
350,"Grambling St.","SWAC","4-24",0.0521282331304554,85.9228892279041,350,110.572203982572,292,66.8709860737151,277,"4-24","4-14",-19.7265772984635,345,2016-03-25
136,"Grand Canyon","WAC","25-7",0.570797762889271,103.185592856277,177,100.658877357828,118,69.4322595727664,141,"25-7","11-3",-0.987915658395086,69,2016-03-25
135,"Green Bay","Horz","21-13",0.572393691842594,106.921911816748,118,104.244609814007,183,77.220604728994,5,"21-13","11-7",-4.50729492922225,112,2016-03-25
269,"Hampton","MEAC","20-11",0.26084627614003,98.0989848478512,279,107.398769851135,245,71.7955567605634,55,"20-11","13-3",-6.27895988463016,141,2016-03-25
308,"Hartford","AE","9-23",0.165899405104694,99.3694012694508,256,114.351451590949,336,70.130934251341,110,"9-23","4-12",-17.6619013506101,329,2016-03-25
167,"Harvard","Ivy","12-16",0.496041373338073,99.0777484482882,260,99.2142667676182,91,66.8609704110767,278,"12-16","6-8",-8.92684319132833,183,2016-03-25
61,"Hawaii","BW","26-6",0.800597808637925,106.964381421503,115,94.7861497044409,27,71.3514249159064,62,"26-6","13-3",0.829127983721671,40,2016-03-25
169,"High Point","BSth","18-11",0.491663931521475,109.15569071523,85,109.472676567907,282,66.7600275852539,282,"18-11","13-5",-5.6690751350575,127,2016-03-25
106,"Hofstra","CAA","23-10",0.684016907089545,110.018509758938,73,102.872733643422,161,70.2659379565696,103,"23-10","14-4",-1.6019268221685,82,2016-03-25
279,"Holy Cross","Pat","15-20",0.23544491785595,96.6069593692054,301,107.025771263746,233,64.4614856096985,337,"15-20","5-13",-14.4633316420474,287,2016-03-25
70,"Houston","Amer","22-10",0.768827633810786,116.19576050541,22,104.666638622597,192,67.1911621626748,262,"22-10","12-6",-1.22504532393257,76,2016-03-25
291,"Houston Baptist","Slnd","13-17",0.204395674135124,100.126739718308,234,112.687054216994,318,71.0334160100828,80,"13-17","10-8",-10.7830930260343,219,2016-03-25
332,"Howard","MEAC","10-20",0.126810994089864,92.1418964197125,333,108.973896869199,272,71.3650720180762,61,"10-20","6-10",-16.1113133679415,311,2016-03-25
213,"Idaho","BSky","19-13",0.375498905211071,98.2888827585339,277,102.734243459431,159,66.5923882646593,289,"19-13","12-6",-7.5926662351386,164,2016-03-25
267,"Idaho St.","BSky","14-15",0.267204129626372,98.5777625879467,270,107.616304369418,249,70.9263657750312,85,"14-15","11-7",-10.8746609215431,222,2016-03-25
126,"Illinois","B10","15-19",0.593465543040692,105.463719879618,147,102.050770987136,139,68.9165876947096,166,"15-19","5-13",-7.20289240463272,159,2016-03-25
328,"Illinois Chicago","Horz","3-25",0.1310105231672,89.6972553786023,343,105.738234122009,209,72.0816863525948,50,"3-25","3-15",-19.6166146337593,344,2016-03-25
114,"Illinois St.","MVC","17-14",0.64869181828066,103.388640660554,175,98.0193779766522,67,68.190452758207,211,"17-14","12-6",-5.47382798524895,123,2016-03-25
282,"Incarnate Word","Slnd","14-11",0.227508760129185,99.4956361481355,251,110.654442372522,294,68.1769017215221,214,"14-11","12-6",-6.27407828303898,140,2016-03-25
17,"Indiana","B10","27-8",0.91633146927418,121.333030389996,6,98.5345573388796,76,69.4024049778118,143,"27-8","15-3",3.22616728795349,25,2016-03-25
186,"Indiana St.","MVC","14-17",0.444068738949792,97.4196288585484,291,99.3415418624916,93,71.11053910488,78,"14-17","8-10",-8.86569499650011,181,2016-03-25
107,"Iona","MAAC","22-11",0.679300512163809,109.057357937243,87,102.166920856292,145,72.5189643506854,37,"22-11","16-4",-3.55510741196302,98,2016-03-25
30,"Iowa","B10","22-11",0.884679521883289,114.406092008264,28,95.8303565125735,37,69.7181794560824,124,"22-11","12-6",1.98114533779783,33,2016-03-25
16,"Iowa St.","B12","23-12",0.91752924820003,121.478489402158,5,98.5178755555526,75,72.2352399769547,46,"23-12","10-8",3.58600904765244,20,2016-03-25
144,"IPFW","Sum","22-10",0.556168390079286,110.552184541557,64,108.40432931042,265,70.2233259968287,105,"22-10","12-4",-2.70822491477425,92,2016-03-25
210,"IUPUI","Sum","12-19",0.381353245462089,97.8937005812089,284,102.099976236378,141,69.4946521506434,135,"12-19","9-7",-10.942276672149,223,2016-03-25
252,"Jackson St.","SWAC","18-16",0.30556941333086,94.1780358090781,321,101.146597332688,130,68.108204838243,220,"18-16","12-6",-10.7356556047689,218,2016-03-25
255,"Jacksonville","ASun","12-16",0.292061629583911,100.334078274931,228,108.364010454652,263,71.2243706053075,67,"12-16","8-6",-11.701248305646,238,2016-03-25
287,"Jacksonville St.","OVC","6-23",0.215356358261255,97.1527998608423,294,108.713303173193,268,65.9261553722623,315,"6-23","4-12",-17.9757398635997,334,2016-03-25
102,"James Madison","CAA","20-11",0.695611211836913,105.959019260661,132,98.6111302761557,78,67.5864092621723,247,"20-11","11-7",-4.31969350932691,110,2016-03-25
1,"Kansas","B12","32-4",0.967038745413326,121.633866818027,4,90.667370968812,5,70.1101250536745,112,"32.5-4.5","15-3",11.6172304277885,1,2016-03-25
43,"Kansas St.","B12","17-16",0.845257085321289,108.5852596387,94,93.6808977479494,22,67.5331373426714,248,"17-16","5-13",-1.32563873737547,77,2016-03-25
247,"Kennesaw St.","ASun","9-20",0.311869649622714,100.826047693231,219,108.008887140422,255,69.5881038676758,132,"9-20","7-7",-12.9647983805384,261,2016-03-25
182,"Kent St.","MAC","18-13",0.459617736205175,105.344280076941,149,106.837662495977,228,68.1385278339723,218,"18-13","10-8",-7.00056263857231,155,2016-03-25
4,"Kentucky","SEC","27-9",0.952345073907167,123.232351666587,1,94.9776804361428,28,68.1528343708297,215,"27-9","13-5",5.04069365098607,14,2016-03-25
238,"La Salle","A10","8-22",0.324930672337013,99.0408330460342,262,105.54265008824,205,66.8723626550932,276,"8-22","4-14",-12.6268157453579,252,2016-03-25
312,"Lafayette","Pat","6-24",0.158389417038015,98.9669067387102,265,114.437129425919,337,70.3629414642327,99,"6-24","3-15",-19.4081259694775,343,2016-03-25
334,"Lamar","Slnd","7-19",0.1242837504084,95.2472199688225,310,112.872205011195,320,72.7267533907817,32,"7-19","3-15",-15.8989221780855,305,2016-03-25
175,"Lehigh","Pat","16-15",0.474458707521764,104.10341712113,164,105.033197591315,197,68.7257146680529,180,"16-15","13-5",-9.61281808133252,196,2016-03-25
292,"Liberty","BSth","10-19",0.19850801072781,97.9464744892613,283,110.584687587563,293,63.8499781398606,344,"10-19","10-8",-14.0305279601853,280,2016-03-25
253,"Lipscomb","ASun","10-21",0.304690690488973,101.564118345567,202,109.118519400768,277,73.7528211693798,13,"10-21","7-7",-15.9648654500964,307,2016-03-25
281,"LIU Brooklyn","NEC","16-15",0.228298224088502,100.163458578144,232,111.353712386925,303,72.898479543789,26,"16-15","9-9",-12.5123746499727,250,2016-03-25
91,"Long Beach St.","BW","18-15",0.719880357760891,107.952155544117,104,99.4457855785169,95,70.8100115230618,87,"18-15","12-4",-3.03146151652649,93,2016-03-25
306,"Longwood","BSth","7-23",0.171458899908026,99.2157836255467,258,113.781700754917,333,69.9537921888304,116,"7-23","5-13",-18.6391039775276,338,2016-03-25
125,"Louisiana Lafayette","SB","17-15",0.602581499546623,108.933702349052,90,105.061436045829,198,71.1906547210128,72,"17-15","12-8",-7.54025103323353,162,2016-03-25
118,"Louisiana Monroe","SB","18-14",0.624494706070021,106.937597829404,117,102.310598317453,149,66.5003231105492,293,"18-14","15-5",-6.29325713344002,143,2016-03-25
163,"Louisiana Tech","CUSA","21-9",0.499330659495473,103.065688744392,178,103.089686696533,165,71.8726937193488,53,"21.5-9.5","12-6",-4.33164977907819,111,2016-03-25
12,"Louisville","ACC","23-8",0.92431307291346,111.482012495771,58,89.6810339815646,2,67.0653873055691,266,"23-8","12-6",4.29572680860921,16,2016-03-25
162,"Loyola Chicago","MVC","14-17",0.505206763361594,100.36926527141,227,100.187649643535,113,65.6168886502038,319,"14-17","7-11",-9.25212689409876,190,2016-03-25
195,"Loyola Marymount","WCC","13-17",0.423815099120886,103.670232654091,169,106.476264838821,222,68.306018492387,203,"13-17","6-12",-8.96139280109871,184,2016-03-25
276,"Loyola MD","Pat","9-21",0.241342322137855,100.530317701672,224,111.058116726706,302,67.9107191924259,229,"9-21","8-10",-16.1705282567291,313,2016-03-25
68,"LSU","SEC","19-14",0.775752702910398,111.937096556064,51,100.485827559778,115,72.809958548024,29,"19-14","11-7",-1.79527275027788,83,2016-03-25
338,"Maine","AE","8-22",0.10759789195194,94.5419651475421,320,113.636153068492,330,77.6990160631008,4,"8-22","4-12",-17.3610751597181,327,2016-03-25
251,"Manhattan","MAAC","13-18",0.307605872290188,98.3641030067464,274,105.554445237891,207,68.7350860688684,179,"13-18","9-11",-12.5564988551183,251,2016-03-25
309,"Marist","MAAC","7-23",0.162065439776944,100.661874717443,221,116.120849660579,344,68.7634871859171,176,"7-23","4-16",-18.8211168218377,340,2016-03-25
75,"Marquette","BE","20-13",0.753791100677216,108.690249760833,93,98.6130300248464,79,71.1960648311713,71,"20-13","8-10",-0.962531582130589,68,2016-03-25
143,"Marshall","CUSA","17-16",0.560022972071883,109.744719457994,77,107.466397339069,247,77.9281367301971,3,"17-16","12-6",-8.73301695552013,179,2016-03-25
31,"Maryland","B10","26-9",0.883073813725102,114.824005003655,25,96.3113463766714,43,67.8382525187133,233,"26-9","12-6",3.97110753593125,18,2016-03-25
313,"Maryland Eastern Shore","MEAC","9-22",0.158274919726295,97.711169241396,286,112.993540252652,323,68.1860609513167,212,"9-22","7-9",-15.4804910293369,299,2016-03-25
153,"Massachusetts","A10","14-18",0.529553571199961,101.936337348374,196,100.89263943492,124,71.53456109804,58,"14-18","6-12",-8.66562733368783,178,2016-03-25
330,"McNeese St.","Slnd","7-19",0.130171735433038,97.0482527071765,295,114.477363321831,338,69.159095627115,157,"7-19","7-11",-14.1289627004765,284,2016-03-25
79,"Memphis","Amer","19-15",0.74470644858604,105.943863017546,133,96.5263270547312,45,74.2742583069843,9,"19-15","8-10",-5.59993164626376,126,2016-03-25
196,"Mercer","SC","16-16",0.420787674819388,104.329806008611,162,107.269380473342,240,64.2494103470619,340,"16-16","8-10",-10.4639840513252,210,2016-03-25
15,"Miami FL","ACC","27-8",0.918974491898403,119.386345486227,10,96.6592022902982,46,66.9369004305794,272,"27-8","13-5",6.89062399021935,9,2016-03-25
254,"Miami OH","MAC","12-20",0.300955643591757,96.2957806901609,304,103.617602733451,173,65.2361772979822,331,"12-20","6-12",-13.3730744123002,265,2016-03-25
52,"Michigan","B10","22-13",0.817850311774612,113.417803800132,37,99.5323465218968,99,66.2368755296949,303,"22-13","10-8",0.829825817645717,39,2016-03-25
6,"Michigan St.","B10","29-6",0.94211204617284,122.426446571091,2,96.0563698157808,39,67.5213726877375,249,"29-6","13-5",7.24668598296473,8,2016-03-25
121,"Middle Tennessee","CUSA","23-10",0.614982586069633,103.725853026094,167,99.5867558612917,102,68.3702911634998,198,"23-10","13-5",-3.15671074757523,94,2016-03-25
119,"Milwaukee","Horz","18-13",0.62212276765216,111.207262230346,59,106.489026332761,223,67.0490709342323,268,"18-13","10-8",-6.74072156157266,151,2016-03-25
200,"Minnesota","B10","8-23",0.406427632541683,99.5572855677278,247,102.890804798045,162,69.2646394192157,148,"8-23","2-16",-12.7577319559027,257,2016-03-25
74,"Mississippi","SEC","20-12",0.755164356792629,110.972431460702,61,100.618735405302,117,69.3619944835997,145,"20-12","10-8",-1.4199517906989,79,2016-03-25
78,"Mississippi St.","SEC","14-17",0.745382804738133,108.748024945822,92,99.0505491621674,86,70.127247699151,111,"14-17","7-11",-6.23540228381722,138,2016-03-25
345,"Mississippi Valley St.","SWAC","8-27",0.085136399891768,90.2376363122968,342,110.933022785803,301,72.0931899843372,49,"8-27","6-12",-21.5530642903701,350,2016-03-25
160,"Missouri","SEC","10-21",0.507699903850626,102.839915519332,184,102.56483362048,158,68.8034131907208,174,"10-21","3-15",-9.44528355478876,193,2016-03-25
215,"Missouri St.","MVC","12-19",0.373464819805193,100.14544959428,233,104.753847402274,193,69.6703515829601,127,"12-19","8-10",-10.6218156348672,215,2016-03-25
99,"Monmouth","MAAC","28-8",0.697926543179142,105.655950159229,139,98.2354232900365,70,73.5296010166185,16,"28-8","17-3",-0.204593857472129,58,2016-03-25
150,"Montana","BSky","18-12",0.539162665194553,105.602357807869,142,104.170704530131,180,66.0479259564163,310,"18-12","14-4",-5.71848993648953,128,2016-03-25
219,"Montana St.","BSky","13-17",0.369370246232204,106.47633821958,125,111.546050600989,307,69.2620121761305,150,"13-17","9-9",-12.2699811811196,245,2016-03-25
142,"Morehead St.","OVC","20-12",0.560576626744182,104.158673195512,163,101.976388558337,137,65.9366977172918,313,"21.3-13.7","11-5",-6.4077993218135,145,2016-03-25
300,"Morgan St.","MEAC","8-22",0.179071769974901,93.805355274235,324,107.085353083365,236,69.8662527253313,120,"8-22","6-10",-17.4107315062057,328,2016-03-25
270,"Mount St. Mary's","NEC","14-19",0.257947451892824,92.1384844894987,334,101.005659750688,127,69.6534559510858,129,"14-19","10-8",-13.8529306757425,274,2016-03-25
147,"Murray St.","OVC","15-14",0.548839414862686,106.953106816403,116,105.145859385249,199,65.1859322663584,333,"15-14","10-6",-8.96157002593929,185,2016-03-25
203,"Navy","Pat","18-14",0.403704813747022,98.8106410748693,267,102.219540302206,147,65.5985498363678,322,"18-14","9-9",-10.021545997786,202,2016-03-25
96,"Nebraska","B10","16-18",0.712659872068691,108.999535501961,89,100.721344549829,121,68.0620611149632,223,"16-18","6-12",-5.52971913311396,125,2016-03-25
158,"Nebraska Omaha","Sum","16-14",0.512022321346765,108.192007373157,100,107.740441118673,252,77.0524300675153,6,"16-14","10-6",-7.59538463724776,165,2016-03-25
130,"Nevada","MWC","20-13",0.589667726993608,99.8148558814314,241,96.7168167707146,49,71.7668150861349,57,"21.7-14.3","10-8",-5.12589304059467,120,2016-03-25
232,"New Hampshire","AE","18-13",0.338552092737245,98.5893665933198,269,104.501646328565,190,67.9896641903647,226,"18-13","11-5",-7.56243267833328,163,2016-03-25
104,"New Mexico","MWC","17-15",0.690560095930524,108.469097095996,97,101.155801064986,131,71.7709511871019,56,"17-15","10-8",-6.8161047124641,152,2016-03-25
111,"New Mexico St.","WAC","21-11",0.655754349962291,101.452334503727,206,95.9235596636874,38,66.355482376915,298,"21-11","13-1",-4.10278135469268,106,2016-03-25
325,"New Orleans","Slnd","7-20",0.136676481730262,95.2320699805581,311,111.78670671003,310,72.6253198400686,34,"7-20","6-12",-16.4728924484435,316,2016-03-25
316,"Niagara","MAAC","7-25",0.154681307581578,92.7136864862402,329,107.468570110437,248,66.7453833649522,283,"7-25","5-15",-19.387343540149,342,2016-03-25
326,"Nicholls St.","Slnd","8-23",0.136317481893563,91.2882258616178,337,107.185670700066,238,69.6794179011872,126,"8-23","6-12",-16.7235670208538,319,2016-03-25
208,"NJIT","ASun","19-14",0.395198596497009,100.639076707028,222,104.432574052514,187,69.8920118910249,119,"19.2-14.8","8-6",-8.74990774925509,180,2016-03-25
257,"Norfolk St.","MEAC","15-17",0.283959727454186,103.394809092471,173,112.054032993732,313,68.2886981081714,207,"15-17","12-4",-10.9630339956702,224,2016-03-25
5,"North Carolina","ACC","31-6",0.950258678454025,121.3320349817,7,93.8800579573433,23,72.0815036638649,51,"32.9-7.1","14-4",8.56283619083146,4,2016-03-25
339,"North Carolina A&T","MEAC","10-21",0.106873391225479,95.0331439932666,315,114.3017257717,335,68.6271677406061,183,"10-21","7-9",-16.7512733417102,321,2016-03-25
301,"North Carolina Central","MEAC","10-19",0.178059427481888,97.5228724790263,289,111.395992418043,304,66.5297647209402,291,"10-19","7-9",-15.5687169718756,301,2016-03-25
73,"North Carolina St.","ACC","16-17",0.756281895993915,113.682887412777,33,103.022060933655,163,68.415187942223,194,"16-17","5-13",-4.00899239816192,105,2016-03-25
183,"North Dakota","BSky","14-16",0.44971252939378,99.5252091292735,249,101.287357560961,132,72.3103584123897,42,"14-16","10-8",-10.5023967982664,212,2016-03-25
156,"North Dakota St.","Sum","18-13",0.51353425229241,100.16777432462,231,99.6972214153035,104,65.3339263473153,328,"18-13","8-8",-7.18927333341553,158,2016-03-25
159,"North Florida","ASun","19-12",0.509077091218371,113.446179490429,36,113.088527241427,324,71.2105060419791,68,"19-12","10-4",-5.13779906929924,121,2016-03-25
280,"North Texas","CUSA","10-20",0.228684341688601,100.282205996149,229,111.464494336929,306,70.5651481521899,92,"10-20","7-11",-14.6586373698544,289,2016-03-25
124,"Northeastern","CAA","17-15",0.60415540536409,106.14286118034,130,102.311273516237,150,66.1098792957051,306,"17-15","9-9",-6.99722056350446,154,2016-03-25
343,"Northern Arizona","BSky","3-25",0.0929786998759456,92.6880883451894,330,112.99110982137,322,71.1117052843905,77,"3-25","3-15",-18.7894631885879,339,2016-03-25
317,"Northern Colorado","BSky","8-21",0.153129592375999,101.023167986951,213,117.221863432263,345,69.4822059525804,136,"8-21","7-11",-15.9993840016728,309,2016-03-25
173,"Northern Illinois","MAC","17-12",0.482027787142369,100.382526551116,225,101.012275850106,128,68.4535968749229,193,"17.2-12.8","9-9",-6.65877574778051,148,2016-03-25
56,"Northern Iowa","MVC","22-13",0.810591563819492,109.711074243364,79,96.6820564942786,48,63.6208979527099,346,"22-13","11-7",-2.11072451675266,88,2016-03-25
256,"Northern Kentucky","Horz","7-21",0.285073592199893,99.428951169888,254,107.704779448546,251,68.0947582877862,221,"7-21","5-13",-13.978554345496,278,2016-03-25
72,"Northwestern","B10","20-12",0.757693908141793,109.670126816233,80,99.3192908042083,92,64.3912654724566,338,"20-12","8-10",-1.95942960879938,86,2016-03-25
324,"Northwestern St.","Slnd","5-19",0.138850823082124,100.827832266486,218,118.16696371359,351,74.0996829420971,12,"5-19","5-13",-14.3736352674876,285,2016-03-25
47,"Notre Dame","ACC","24-11",0.826389175584807,117.441534929002,17,102.541413449597,156,65.7053654765466,318,"24.2-11.8","11-7",2.32119562679056,28,2016-03-25
100,"Oakland","Horz","21-11",0.697376008812448,114.68254003072,26,106.652251851371,226,74.1828227822803,10,"22.9-12.1","13-5",-3.39006387525711,96,2016-03-25
128,"Ohio","MAC","22-12",0.592878392305979,110.058942249571,72,106.51982007294,224,70.6420937818202,90,"22-12","11-7",-5.34020542227723,122,2016-03-25
83,"Ohio St.","B10","21-14",0.732904830575931,105.545571458315,144,96.6762688589478,47,68.4718213304187,190,"21-14","11-7",-1.10345167568398,71,2016-03-25
8,"Oklahoma","B12","28-7",0.936751648024893,118.174327484571,13,93.4832897432813,18,71.0027724108477,82,"28.9-8.1","12-6",8.03705283949827,5,2016-03-25
82,"Oklahoma St.","B12","12-20",0.734970061925928,105.874982568933,135,96.888852302088,51,64.9713415277569,334,"12-20","3-15",-6.72926828487335,150,2016-03-25
110,"Old Dominion","CUSA","22-13",0.660768538762128,104.736304436007,157,98.8368063630413,82,62.2897487471107,348,"23.6-14.4","12-6",-6.47091501964008,146,2016-03-25
171,"Oral Roberts","Sum","12-17",0.488060809266898,106.462296572907,127,106.905412824209,231,69.7207610751989,123,"12-17","6-10",-9.40308640561048,192,2016-03-25
13,"Oregon","P12","30-6",0.924217155985432,118.905531039805,12,95.6642367954331,36,69.0263227038563,164,"30.5-6.5","14-4",6.70991417951594,10,2016-03-25
63,"Oregon St.","P12","18-13",0.793214835591411,110.002533589206,74,97.8658691608451,64,67.904109901933,230,"18-13","9-9",0.289774676579951,46,2016-03-25
204,"Pacific","WCC","6-20",0.400498039557888,99.9838000524705,239,103.553211062184,170,67.5172702074838,250,"6-20","6-12",-12.6920840725312,255,2016-03-25
263,"Penn","Ivy","10-17",0.270438500240606,98.2965077519844,276,107.155822603543,237,68.5533311945341,186,"10-17","5-9",-10.8658014592336,220,2016-03-25
149,"Penn St.","B10","16-16",0.541534415306594,101.151311183239,211,99.6971813519142,103,66.9220364478662,274,"16-16","7-11",-4.74504631280781,114,2016-03-25
132,"Pepperdine","WCC","17-14",0.588941225369614,105.768324069517,137,102.512256657776,154,68.3403093176463,201,"17-14","10-8",-5.02231551413873,118,2016-03-25
37,"Pittsburgh","ACC","20-12",0.86343675805611,114.008817152944,29,97.1169975195371,54,66.208592593739,305,"20-12","9-9",1.78305282366814,36,2016-03-25
179,"Portland","WCC","11-20",0.465063106908303,107.791119086435,109,109.111148041652,276,72.7380925134584,31,"11-20","6-12",-12.3184071789906,247,2016-03-25
248,"Portland St.","BSky","11-18",0.310432979544316,102.113176705269,192,109.451487433479,281,72.66962240467,33,"11-18","8-10",-13.9319060561769,275,2016-03-25
341,"Prairie View A&M","SWAC","7-24",0.0983236474445233,88.2518543222906,346,107.006500449682,232,69.6294528947232,130,"7-24","7-11",-18.3248315088267,336,2016-03-25
333,"Presbyterian","BSth","8-20",0.125677048149613,92.9913040723111,327,110.076825203272,288,68.3021509540007,204,"8-20","5-13",-15.7566304331124,302,2016-03-25
65,"Princeton","Ivy","21-7",0.789326529962953,112.082860282615,50,99.9210227000225,108,69.4655428152958,138,"21-7","12-2",-0.0684567363964413,54,2016-03-25
54,"Providence","BE","24-11",0.812229401173534,108.534104526324,95,95.5558840552908,33,69.1701248706879,155,"24-11","10-8",3.36093946330735,24,2016-03-25
10,"Purdue","B10","26-9",0.93006319009517,117.052598561006,19,93.4670946338206,17,68.7738180435905,175,"26-9","12-6",4.36337637066183,15,2016-03-25
288,"Quinnipiac","MAAC","9-21",0.215000908668741,91.3914735509851,335,102.285138369208,148,69.4793033095289,137,"9-21","6-14",-16.6498571151154,318,2016-03-25
240,"Radford","BSth","14-15",0.320747388896477,102.048496461656,193,108.92886399996,271,66.7012551194075,284,"14-15","9-9",-10.0007762448855,201,2016-03-25
84,"Rhode Island","A10","17-15",0.732466730451306,107.405185075344,112,98.3987511219543,73,65.5609486317885,325,"17-15","9-9",-5.89895886239986,131,2016-03-25
277,"Rice","CUSA","10-20",0.2384251380905,104.564904145752,161,115.67603219472,342,70.583043440992,91,"10-20","7-11",-14.8067554483622,292,2016-03-25
98,"Richmond","A10","16-16",0.70369285415361,112.368551080078,47,104.227025751418,182,69.0823696800632,161,"16-16","7-11",-5.49802552999574,124,2016-03-25
228,"Rider","MAAC","13-20",0.34668767454541,98.0718299632618,280,103.627062568567,174,65.1864786325754,332,"13-20","8-12",-14.1064188379627,283,2016-03-25
319,"Robert Morris","NEC","10-22",0.151849025226033,90.3425270320356,340,104.918983448694,195,69.0524124176575,163,"10-22","8-10",-17.3400305878241,326,2016-03-25
272,"Rutgers","B10","6-25",0.256307311565417,97.3949428896109,292,106.84773536665,229,71.2554072538047,65,"6-25","1-17",-13.9857820975184,279,2016-03-25
285,"Sacramento St.","BSky","12-17",0.220380625773716,96.820711180676,297,108.064267204703,257,69.1676417878714,156,"12-17","6-12",-12.849273370437,258,2016-03-25
303,"Sacred Heart","NEC","12-18",0.175688040358132,98.0199005616631,282,112.122420949804,315,72.1515195575408,47,"12-18","11-7",-13.799500131688,272,2016-03-25
41,"Saint Joseph's","A10","28-8",0.854448800751464,113.947617277525,30,97.6932047092712,59,70.8010335875397,88,"28-8","13-5",3.42710613574736,22,2016-03-25
212,"Saint Louis","A10","11-21",0.380512251081582,96.2461632577189,306,100.412781592785,114,69.5011389601026,134,"11-21","5-13",-11.6333665027931,237,2016-03-25
28,"Saint Mary's","WCC","28-6",0.885086600034144,117.596968809037,15,98.4689173633502,74,62.4631245032302,347,"28-6","15-3",1.9601103923966,34,2016-03-25
241,"Saint Peter's","MAAC","14-16",0.320698719294892,94.9844707798449,317,101.390533444953,133,65.5654615162729,324,"14-16","12-8",-10.7130080138268,217,2016-03-25
234,"Sam Houston St.","Slnd","15-15",0.332189329800251,100.944635474665,215,107.264088422909,239,67.7393636220877,236,"15-15","12-6",-8.89023621013163,182,2016-03-25
245,"Samford","SC","11-20",0.315490491906575,101.15728917583,210,108.205357943574,261,68.8764116959702,170,"11-20","4-14",-14.7765800575235,291,2016-03-25
262,"San Diego","WCC","8-21",0.279686874682656,92.9276449040207,328,100.895303695611,125,66.9078054601986,275,"8-21","4-14",-13.4932687957325,268,2016-03-25
39,"San Diego St.","MWC","26-9",0.856935909802909,104.816562881843,156,89.7074217126959,3,65.9990040863427,311,"26.6-9.4","16-2",0.0906361100822265,51,2016-03-25
207,"San Francisco","WCC","14-15",0.398580295349305,105.564033091139,143,109.408681752533,280,70.962280076872,83,"14-15","8-10",-8.41621993690778,174,2016-03-25
231,"San Jose St.","MWC","6-22",0.341218885600126,96.5097835097953,302,102.191676101222,146,70.4730851095688,94,"6-22","4-14",-15.4018144895135,298,2016-03-25
230,"Santa Clara","WCC","10-20",0.343984545305798,101.216051376515,208,107.060640591769,234,66.4889932545692,294,"10-20","7-11",-11.904642483649,239,2016-03-25
331,"Savannah St.","MEAC","14-16",0.127506429294071,86.7345503107856,348,102.522890011565,155,66.9973053445891,270,"14-16","9-7",-11.1526044475662,228,2016-03-25
284,"Seattle","WAC","13-17",0.223420579618076,94.0083752069243,323,104.764821492804,194,66.6615750864516,287,"13-17","7-7",-11.1517547815305,227,2016-03-25
24,"Seton Hall","BE","25-9",0.897059976756253,110.656826352972,62,91.6681469571589,8,70.3065753584632,101,"25-9","12-6",5.30280009324918,12,2016-03-25
134,"Siena","MAAC","21-13",0.572528585565559,106.744419342721,121,104.066574086958,179,71.043767616664,79,"21-13","13-7",-6.38632197303489,144,2016-03-25
305,"SIU Edwardsville","OVC","6-22",0.174959419185065,94.597759405167,318,108.255350439012,262,67.166413889757,263,"6-22","3-13",-16.726906373374,320,2016-03-25
23,"SMU","Amer","25-5",0.897061379627833,117.235137371316,18,97.1174934109953,55,66.5065656597442,292,"25-5","13-5",3.63175014768225,19,2016-03-25
259,"South Alabama","SB","12-19",0.280978477715754,95.0924960652621,313,103.188308590371,166,70.4584443866888,95,"12-19","8-12",-12.6372102194376,253,2016-03-25
58,"South Carolina","SEC","24-9",0.807221064832395,108.061242666093,102,95.4088881696835,30,71.1509738318355,74,"24-9","11-7",1.85022835729548,35,2016-03-25
278,"South Carolina St.","MEAC","17-15",0.237824796199598,101.826007203267,198,112.678516810089,317,68.3841187167507,197,"17-15","12-4",-9.49955365082909,194,2016-03-25
222,"South Dakota","Sum","12-18",0.365425299877589,104.641131171093,160,109.785383924473,285,71.3924850041677,60,"12-18","5-11",-11.5868759701812,234,2016-03-25
81,"South Dakota St.","Sum","24-8",0.738773161075436,110.573908478993,63,101.01651294706,129,69.0783994157231,162,"24-8","12-4",-1.18752962014096,75,2016-03-25
236,"South Florida","Amer","8-25",0.329133229119648,97.6312397721372,288,103.867905428522,177,67.5883904500981,246,"8-25","4-14",-14.7587488308518,290,2016-03-25
336,"Southeast Missouri St.","OVC","3-24",0.113003389567864,91.0379191125124,338,108.901451739172,270,71.8112077236278,54,"3-24","2-14",-19.235719773615,341,2016-03-25
321,"Southeastern Louisiana","Slnd","10-21",0.147161901995089,96.2256890206762,307,112.110179257196,314,68.9145454747723,167,"10-21","9-9",-15.7832662720993,303,2016-03-25
250,"Southern","SWAC","19-13",0.308995041028837,98.9868312073285,264,106.16254097667,214,69.3928689315989,144,"19-13","11-7",-8.10521683784348,169,2016-03-25
139,"Southern Illinois","MVC","22-10",0.568799400123354,105.043275211732,150,102.543737787043,157,70.4113108975556,97,"22-10","11-7",-3.33939162653014,95,2016-03-25
315,"Southern Miss","CUSA","7-20",0.155687947833555,94.5554017023103,319,109.530229006327,283,64.0010504650712,342,"7-20","5-13",-15.929935105498,306,2016-03-25
340,"Southern Utah","BSky","4-24",0.100138218118314,97.2833896048498,293,117.749302112337,349,68.6970734458502,181,"4-24","3-15",-18.5548198309862,337,2016-03-25
97,"St. Bonaventure","A10","22-9",0.710099594609118,112.96440244192,40,104.49834130709,188,68.8100374980274,173,"22-9","14-4",-0.110689519605495,57,2016-03-25
298,"St. Francis NY","NEC","14-17",0.184651246143882,92.2482878133057,332,104.964998214925,196,66.3410516946248,299,"14-17","11-7",-13.7353184839821,270,2016-03-25
297,"St. Francis PA","NEC","12-17",0.185053218049465,99.5700241814876,246,113.269779927248,327,66.9284922658232,273,"12-17","9-9",-13.4917416235285,267,2016-03-25
217,"St. John's","BE","7-24",0.370368087489622,96.1651464407963,308,100.706407493368,120,72.8150159746262,28,"7-24","1-17",-11.2384984898183,229,2016-03-25
105,"Stanford","P12","14-15",0.686039156109161,106.853526743051,120,99.831922208655,105,66.6238574534722,288,"14-15","8-10",-2.59579400445315,91,2016-03-25
50,"Stephen F. Austin","Slnd","24-6",0.823421480779714,110.345770961214,70,96.5182036797153,44,68.1447456322203,216,"24-6","18-0",-1.15848591609834,73,2016-03-25
275,"Stetson","ASun","8-22",0.241544577063924,102.885679535794,182,113.649224209035,332,71.2752400116266,63,"8-22","4-10",-16.6313975195609,317,2016-03-25
113,"Stony Brook","AE","24-7",0.64930943233697,104.656419582867,158,99.1979280324859,90,67.6595983269401,243,"24-7","14-2",-1.1150380596717,72,2016-03-25
27,"Syracuse","ACC","22-13",0.886138314461035,111.898125006899,53,93.6124850239067,20,65.2948568093749,330,"22.5-14.5","9-9",-0.278200345904671,59,2016-03-25
129,"TCU","B12","12-21",0.590726775282663,100.0370563956,235,96.8952202551174,52,70.1945711183835,106,"12-21","2-16",-6.66856044667271,149,2016-03-25
85,"Temple","Amer","21-12",0.729445067634515,106.303976390412,129,97.5200930119268,58,66.4060658128126,296,"21-12","14-4",-0.10394609476504,56,2016-03-25
94,"Tennessee","SEC","15-19",0.714920943223094,110.531542447896,65,102.038749036917,138,69.9014603367696,118,"15-19","6-12",-5.82224109287829,130,2016-03-25
225,"Tennessee Martin","OVC","18-15",0.358640134062385,103.392325904715,174,108.752653198529,269,67.3801477767486,254,"18-15","10-6",-9.01896985980833,186,2016-03-25
165,"Tennessee St.","OVC","18-11",0.498471894598485,100.029184896283,236,100.082366198373,111,68.6796008565577,182,"18-11","11-5",-6.01681603506412,134,2016-03-25
206,"Tennessee Tech","OVC","17-11",0.399801547088439,106.61798822069,123,110.452104902272,290,70.1785404745263,109,"17.3-11.7","11-5",-5.99532828174958,133,2016-03-25
35,"Texas","B12","20-13",0.86689612297989,112.396607873428,46,95.4970691604108,31,66.2100482583964,304,"20-13","11-7",3.22061006777975,26,2016-03-25
19,"Texas A&M","SEC","28-9",0.912514640704724,113.03259368579,39,92.1839852010247,10,68.2943371232391,206,"28-9","13-5",5.24353707728993,13,2016-03-25
193,"Texas A&M Corpus Chris","Slnd","23-8",0.425886272539731,100.743859195137,220,103.394447588396,169,69.2254272825619,151,"23-8","15-3",-1.85363855793084,85,2016-03-25
202,"Texas Southern","SWAC","18-15",0.405075815009819,104.960156027851,154,108.527478281423,267,68.3483176159113,200,"18-15","16-2",-7.66473604831461,166,2016-03-25
214,"Texas St.","SB","13-16",0.373863776962814,98.5385143430246,273,103.057688237887,164,64.09815580402,341,"13-16","8-12",-11.0797176758225,226,2016-03-25
48,"Texas Tech","B12","19-13",0.824876538607061,113.143999448066,38,98.8794193000467,83,67.1395457949133,264,"19-13","9-9",1.34600926342548,37,2016-03-25
320,"The Citadel","SC","7-22",0.150509713364065,100.87163269071,216,117.253290872603,346,81.7709692786285,1,"7-22","3-15",-17.8271971748362,333,2016-03-25
116,"Toledo","MAC","16-15",0.634581071261224,107.840368304257,108,102.787008267431,160,69.9107949871259,117,"16-15","8-10",-9.77564481333652,198,2016-03-25
146,"Towson","CAA","18-12",0.550334007101641,105.028997334772,152,103.200066106385,167,66.2906549217644,300,"18.3-12.7","11-7",-6.16739904564968,136,2016-03-25
264,"Troy","SB","8-21",0.269636147744628,97.781914256388,285,106.632585611469,225,69.3073553518716,147,"8-21","4-16",-15.2940139949041,297,2016-03-25
199,"Tulane","Amer","13-21",0.408724555916146,96.8075740777734,298,99.9662976341279,109,68.3922185567145,195,"13-21","3-15",-11.0430553151844,225,2016-03-25
76,"Tulsa","Amer","20-12",0.74918670730587,109.499234223823,83,99.5602335903363,100,69.2637577065233,149,"20-12","12-6",-1.18152102137996,74,2016-03-25
123,"UAB","CUSA","25-7",0.612715122561887,107.990262750638,103,103.767276598628,176,68.8965891976769,168,"25-7","16-2",-1.00646203772737,70,2016-03-25
229,"UC Davis","BW","9-19",0.345236668354674,93.0659133315335,326,98.392438707482,72,66.8197599232789,280,"9-19","6-10",-12.8825253557372,259,2016-03-25
87,"UC Irvine","BW","25-9",0.727019114927363,106.45947453516,128,97.7668971221433,61,67.6772212565036,241,"26-10","13-3",-0.819645971027212,66,2016-03-25
216,"UC Riverside","BW","12-19",0.372747031698677,99.8056072298632,242,104.426229238333,186,67.9328997446731,228,"12-19","5-11",-13.2176164315759,263,2016-03-25
77,"UC Santa Barbara","BW","17-13",0.748340336252362,107.470306371871,111,97.753704014576,60,67.4591487610459,251,"18.4-13.6","11-5",-4.7986192433755,115,2016-03-25
190,"UCF","Amer","12-18",0.434253592214366,99.7882237270137,243,102.110103614176,142,68.5190603721593,187,"12-18","6-12",-10.0600709209424,203,2016-03-25
64,"UCLA","P12","15-17",0.79042709255279,111.769209800986,56,99.5839677075255,101,70.2655944918519,104,"15-17","6-12",-3.85706512336631,102,2016-03-25
314,"UMass Lowell","AE","10-18",0.158018973977792,99.4507562308284,252,115.024431567211,339,73.5666193263142,14,"10-18","7-9",-13.2329719514821,264,2016-03-25
335,"UMBC","AE","7-25",0.119024039807411,98.565096710959,271,117.30513150794,347,70.0584396036699,113,"7-25","3-13",-20.5339856583158,348,2016-03-25
261,"UMKC","WAC","9-19",0.279717886597837,101.921898439035,197,110.659247445525,295,67.0512744913764,267,"9-19","4-10",-12.9065371856213,260,2016-03-25
148,"UNC Asheville","BSth","20-12",0.547748396158317,101.076277764994,212,99.4064056363561,94,70.9423478895848,84,"20-12","12-6",-6.25111087538011,139,2016-03-25
221,"UNC Greensboro","SC","12-19",0.367122179422145,101.509985581873,204,106.432628576468,221,68.19411164368,210,"12-19","10-8",-12.724231055394,256,2016-03-25
89,"UNC Wilmington","CAA","23-8",0.720353435554498,109.562783397546,81,100.908901651261,126,71.2668641013671,64,"23-8","14-4",-0.726178660559168,63,2016-03-25
112,"UNLV","MWC","16-15",0.655735964002039,103.469644081509,172,97.8316262425161,63,73.5113573131126,17,"16-15","8-10",-6.28455591880652,142,2016-03-25
45,"USC","P12","21-13",0.8400688023885,113.839925657309,31,98.5491129152727,77,71.9824592347683,52,"21-13","9-9",0.187744875056963,48,2016-03-25
302,"USC Upstate","ASun","7-21",0.177655140001626,100.017750423581,237,114.273249790961,334,67.105138013668,265,"7-21","4-10",-16.1805762478996,314,2016-03-25
101,"UT Arlington","SB","23-11",0.69573755638025,106.068456671596,131,98.7078561409203,81,73.078832487687,24,"23-11","13-7",-3.88604610303879,103,2016-03-25
344,"UT Rio Grande Valley","WAC","5-22",0.0879442357146096,94.1434282368433,322,115.377642935707,340,68.3644391918823,199,"5-22","4-10",-16.972135741525,323,2016-03-25
29,"Utah","P12","26-9",0.884785089868157,115.932480086532,23,97.1001691847133,53,66.8213303230516,279,"26-9","13-5",5.65409139939451,11,2016-03-25
120,"Utah St.","MWC","14-15",0.616793787627302,110.506087639825,66,106.025820634165,212,67.6013278425744,244,"14-15","7-11",-7.42285355064645,161,2016-03-25
274,"Utah Valley","WAC","9-18",0.24433549985768,99.5431261179338,248,109.811986841082,286,75.1657294713102,7,"9-18","6-8",-12.2175559551661,243,2016-03-25
201,"UTEP","CUSA","18-14",0.405452858324803,102.762165695024,185,106.240331249374,216,72.4554062096488,38,"18-14","10-8",-9.70697082244694,197,2016-03-25
337,"UTSA","CUSA","4-26",0.110817311766069,96.7948189419634,299,116.009657747873,343,72.9816893900423,25,"4-26","3-15",-20.4206384413875,347,2016-03-25
40,"Valparaiso","Horz","27-6",0.855754687795216,107.211768858577,114,91.8340085114266,9,67.2283838035392,260,"28.1-6.9","16-2",0.455485768888081,42,2016-03-25
18,"Vanderbilt","SEC","19-14",0.914776302472434,114.463117059238,27,93.118235835195,13,68.5632440245678,185,"19-14","11-7",-0.324926837823726,60,2016-03-25
32,"VCU","A10","25-11",0.876690223709013,111.919715412656,52,94.3697492729198,25,70.1804310218159,108,"25-11","14-4",-0.0867461348103869,55,2016-03-25
151,"Vermont","AE","22-14",0.536953341430901,107.292748660363,113,105.920016891694,211,68.4571016120766,191,"22-14","11-5",-6.55383096339397,147,2016-03-25
2,"Villanova","BE","32-5",0.964452711027236,121.812273359517,3,91.4199745279572,7,66.956548534176,271,"33.7-6.3","16-2",8.95047143284348,2,2016-03-25
3,"Virginia","ACC","29-7",0.960735838052114,120.161569188139,9,90.9949098463531,6,61.5674570408808,351,"29.8-7.2","13-5",8.66149971579635,3,2016-03-25
67,"Virginia Tech","ACC","20-15",0.783621012691958,109.413275824669,84,97.8297186476981,62,70.4476925309199,96,"20-15","10-8",-0.473206062927513,61,2016-03-25
311,"VMI","SC","6-21",0.158678023620199,95.8790265631149,309,110.845705704407,299,69.1972923054768,152,"6-21","4-14",-16.049065102483,310,2016-03-25
184,"Wagner","NEC","22-11",0.445811586531875,99.5748597205782,245,101.477001074461,135,66.5664246254001,290,"22-11","13-5",-6.97378015110042,153,2016-03-25
103,"Wake Forest","ACC","11-20",0.695396353666916,106.871925924551,119,99.4695049677798,97,72.2676493624844,45,"11-20","2-16",-6.19183936279549,137,2016-03-25
62,"Washington","P12","19-15",0.797424650378626,110.379309595404,68,97.9804841640792,66,78.0960356125113,2,"19-15","9-9",-2.20841135618983,89,2016-03-25
194,"Washington St.","P12","8-22",0.424710508173099,101.218219197568,207,103.924750582943,178,69.6157770356124,131,"8-22","1-17",-10.3466996457544,207,2016-03-25
141,"Weber St.","BSky","23-9",0.5639027254667,101.696209731043,199,99.4485850745375,96,67.5924505461777,245,"23-9","15-3",-3.66081431547591,100,2016-03-25
7,"West Virginia","B12","26-9",0.940677255580941,114.851024076378,24,90.3166804331078,4,70.780177244686,89,"26-9","13-5",7.42630776532478,7,2016-03-25
224,"Western Carolina","SC","13-18",0.358906534006021,99.091817664009,259,104.218692349022,181,69.97677447305,115,"13-18","10-8",-10.4255232087581,209,2016-03-25
242,"Western Illinois","Sum","7-17",0.320426402745398,99.4392042808322,253,106.157249618375,213,68.4999085833389,189,"7-17","3-13",-11.3941535139727,231,2016-03-25
164,"Western Kentucky","CUSA","16-16",0.498684255067614,107.901578548278,106,107.950971165501,254,67.7377528050206,237,"16-16","8-10",-9.51620122166969,195,2016-03-25
188,"Western Michigan","MAC","11-19",0.44065999510945,102.3842111247,189,104.529595922548,191,68.8821431897028,169,"11-19","7-11",-12.1838590917524,242,2016-03-25
9,"Wichita St.","MVC","25-9",0.932845455486345,110.378561496588,69,87.8044507382434,1,66.6804312645903,285,"25-9","16-2",0.191453212698159,47,2016-03-25
92,"William & Mary","CAA","18-11",0.7195514249041,112.461968943578,45,103.614927203279,172,69.1054557217809,159,"18-11","11-7",-3.75553434095643,101,2016-03-25
180,"Winthrop","BSth","20-9",0.462381513523562,105.915277943202,134,107.31291158753,241,73.554469226646,15,"20-9","13-5",-4.8573304685133,116,2016-03-25
42,"Wisconsin","B10","22-13",0.850313312585868,108.893482126189,91,93.6272463752436,21,63.9727932721159,343,"22-13","12-6",0.434493746090598,43,2016-03-25
191,"Wofford","SC","13-17",0.432337638518782,104.948936763162,155,107.463785458539,246,66.0791703501415,309,"13-17","11-7",-10.4248004180806,208,2016-03-25
131,"Wright St.","Horz","20-13",0.589254544650823,100.380274406305,226,97.2791277365822,56,66.2590956023391,301,"20-13","13-5",-6.05158722846021,135,2016-03-25
155,"Wyoming","MWC","12-18",0.519411785162099,108.49446431469,96,107.764019390072,253,65.4650465488048,326,"12-18","7-11",-10.571102956476,213,2016-03-25
14,"Xavier","BE","28-6",0.9196575521264,116.75262074615,20,94.4511855267183,26,72.3028503183972,43,"28-6","14-4",7.74242703739939,6,2016-03-25
51,"Yale","Ivy","22-7",0.819459672565362,109.078925381743,86,95.634473570934,35,66.67579856117,286,"22-7","13-1",-0.048605105865552,53,2016-03-25
286,"Youngstown St.","Horz","9-21",0.220181494741819,101.501406403285,205,113.299942068519,328,73.1554133575483,22,"9-21","6-12",-13.9510973855267,277,2016-03-25
