"rank","team","conf","record","barthag","adj_o","adj_o_rk","adj_d","adj_d_rk","adj_tempo","adj_tempo_rk","proj_record","proj_conf_record","wab","wab_rk","date"
341,"Abilene Christian","Slnd","1-5",0.0875973924440877,91.5328343422971,328,112.220489185871,334,69.321585084771,217,"6-21","4.7-13.3",-3.61152881214946,278,2015-12-09
234,"Air Force","MWC","6-3",0.33151970955896,97.1521029041618,256,103.261245263206,203,69.2554483694553,224,"12.1-17.9","5.4-12.6",-1.08633099039322,126,2015-12-09
82,"Akron","MAC","5-2",0.744189430723805,104.695604401307,125,95.411573006161,58,68.3077761363946,272,"24.9-9.1","13.3-4.7",0.184535450435629,53,2015-12-09
92,"Alabama","SEC","5-2",0.713097600193737,103.11091883773,146,95.2622339678992,55,69.6795715534129,198,"16.3-16.7","7.2-10.8",0.745486546358376,28,2015-12-09
288,"Alabama A&M","SWAC","3-1",0.20699035770663,94.9688810706506,287,106.734673457495,265,68.7958672516978,246,"16-12","11.5-6.5",-0.397232282167195,82,2015-12-09
311,"Alabama St.","SWAC","2-4",0.15854071531953,93.9586305988445,304,108.635255719561,304,70.6325441781428,136,"13.3-15.7","10.3-7.7",-1.98094318306836,197,2015-12-09
107,"Albany","AE","6-3",0.656187308773096,105.367138844933,116,99.6084028722972,118,68.054894457345,282,"23.8-8.2","12.5-3.5",-1.14389922873096,132,2015-12-09
349,"Alcorn St.","SWAC","0-7",0.0357113740245797,86.340913551852,346,114.996930098492,346,69.4747113996919,207,"5.1-22.9","4.7-13.3",-4.91724133793539,331,2015-12-09
292,"American","Pat","2-6",0.193914089743061,91.0530122349495,331,103.062476875151,199,62.1775244171828,351,"9.2-21.8","6-12",-4.0682567443204,305,2015-12-09
289,"Appalachian St.","SB","2-6",0.204662054708513,97.2003879450993,253,109.37803519219,311,71.2285502338504,115,"8.4-22.6","5.7-14.3",-4.65671068764612,323,2015-12-09
21,"Arizona","P12","8-1",0.915013788004374,110.766028072921,50,90.0866771633735,12,69.9872414039785,182,"26.3-7.7","12.8-5.2",1.14908906826585,18,2015-12-09
56,"Arizona St.","P12","6-2",0.798640351695129,106.670340188097,92,94.6260563029048,43,69.9612870997857,184,"18.2-13.8","8.6-9.4",0.349661352790186,47,2015-12-09
70,"Arkansas","SEC","4-4",0.763803236061212,111.791982025654,38,100.945801433355,148,74.0960548949513,24,"16-16","8.5-9.5",-2.26276358440545,213,2015-12-09
156,"Arkansas Little Rock","SB","5-0",0.533098280376489,98.6928897100321,228,97.5615634699973,87,66.135896485887,335,"20.1-12.9","12-8",1.49036083688405,13,2015-12-09
340,"Arkansas Pine Bluff","SWAC","2-7",0.089725234631102,86.0857816509242,347,105.300907541539,234,69.2825733932355,220,"10.4-22.6","8-10",-3.05895491642406,253,2015-12-09
238,"Arkansas St.","SB","1-6",0.328670040420882,99.3797981035927,214,105.747456055074,243,74.5093770873583,18,"10.6-18.4","8.3-11.7",-3.92577831819729,290,2015-12-09
136,"Army","Pat","6-2",0.58595779054538,103.756765435955,134,100.670330085917,142,75.2770090136463,9,"23.3-8.7","13.1-4.9",-0.532025890548119,87,2015-12-09
96,"Auburn","SEC","4-1",0.702560918966949,107.368292783867,86,99.6360264328985,119,74.7882675498983,13,"14.7-16.3","7-11",-0.244029660389205,72,2015-12-09
272,"Austin Peay","OVC","3-5",0.251066715850778,97.3136420925498,252,107.015820825838,268,70.2890609695722,161,"13.3-20.7","7.4-8.6",-2.82492523728127,240,2015-12-09
172,"Ball St.","MAC","6-2",0.489507693446061,100.561478073638,191,100.929201557243,147,67.2874165602276,311,"19.7-14.3","8.8-9.2",-1.19019728277224,138,2015-12-09
25,"Baylor","B12","7-1",0.912515447053962,115.280727126147,21,94.0173728914381,37,67.5994539472872,296,"22.3-10.7","10.4-7.6",0.750685602214169,27,2015-12-09
91,"Belmont","OVC","6-4",0.71323250748456,114.728452066801,24,105.989375479593,251,73.9580409319833,29,"22-9","13.3-2.7",-0.741251908594345,101,2015-12-09
322,"Bethune Cookman","MEAC","2-4",0.136789154866697,92.3670114572689,323,108.414602311506,298,69.9536589178781,185,"11.5-18.5","8.3-7.7",-2.33819300169782,216,2015-12-09
291,"Binghamton","AE","2-6",0.203485042873109,89.9178980749261,337,101.246944104276,161,71.00696987105,122,"10.5-19.5","6.3-9.7",-3.95582376345321,297,2015-12-09
71,"Boise St.","MWC","4-4",0.760398641477633,109.885438166976,63,99.386391356839,115,70.6019941527735,138,"18.7-11.3","11.8-6.2",-0.894475871134708,111,2015-12-09
198,"Boston College","ACC","3-6",0.411775562302439,98.5885164421484,230,101.693776219297,169,69.0215160939184,235,"7.9-24.1","2.1-15.9",-3.94862326863865,296,2015-12-09
185,"Boston University","Pat","3-5",0.461050628058645,106.668025183295,93,108.125928688276,289,70.0080350785416,177,"17.8-15.2","11.2-6.8",-3.07543286779975,255,2015-12-09
222,"Bowling Green","MAC","6-2",0.353052103076653,95.6133700157393,277,100.783826494436,143,71.2782314449075,113,"13.9-18.1","6.2-11.8",-1.04110683970381,122,2015-12-09
314,"Bradley","MVC","1-9",0.151859992813518,85.6660520710737,348,99.4872386271009,116,68.6764731567188,252,"3.8-27.2","2.4-15.6",-5.61784595724272,339,2015-12-09
226,"Brown","Ivy","3-6",0.33980041514907,97.7871232470159,246,103.601106861843,208,73.9699880512924,27,"10.6-16.4","5.3-8.7",-3.67793483688975,281,2015-12-09
315,"Bryant","NEC","1-8",0.151394759335825,93.3137845164563,313,108.402927123228,296,68.4821688214995,263,"8.4-21.6","7.3-10.7",-5.26281829910265,338,2015-12-09
177,"Bucknell","Pat","2-6",0.479396849418055,103.597813888636,140,104.343318478637,218,71.4544796367616,103,"15.3-14.7","11.5-6.5",-4.39615796684621,316,2015-12-09
176,"Buffalo","MAC","3-5",0.479604121357974,100.420395605328,194,101.135731162374,155,71.4048232046302,108,"15.3-18.7","8.5-9.5",-1.81292418320562,185,2015-12-09
32,"Butler","BE","7-1",0.887515115381395,116.503251613031,14,97.348878322036,80,71.4330945337157,106,"22.4-10.6","10.8-7.2",0.956275699354005,22,2015-12-09
77,"BYU","WCC","5-2",0.753337997871666,106.146238781005,102,96.3253218690051,67,74.5584308676545,16,"23.6-12.4","12.5-5.5",-0.384879263904275,81,2015-12-09
118,"Cal Poly","BW","3-3",0.626131276109636,105.762850062379,105,101.125238176135,153,67.3980171071395,304,"14.7-13.3","9.4-6.6",-1.57757628087372,170,2015-12-09
192,"Cal St. Bakersfield","WAC","2-3",0.428632531610689,98.5417205853114,233,101.035723720883,151,68.496250685234,260,"16.6-13.4","9.3-4.7",-1.7537491031107,181,2015-12-09
204,"Cal St. Fullerton","BW","5-2",0.400348452669444,99.3981284432813,213,102.952208743766,196,72.210285568732,73,"13-15","6-10",-0.740223111014497,100,2015-12-09
307,"Cal St. Northridge","BW","1-7",0.166901279448294,94.3979627465249,299,108.562257394259,303,69.4644964750908,211,"4.8-23.2","2.4-13.6",-4.7055733995955,326,2015-12-09
47,"California","P12","7-2",0.831485618151464,111.626662529755,40,97.1601404829876,79,70.2436322939353,165,"20.3-13.7","9.2-8.8",-0.504355083583093,84,2015-12-09
285,"Campbell","BSth","4-2",0.21622617146867,95.1325256111673,286,106.405061599069,260,68.2477113866617,277,"13-14","8.3-9.7",-1.57963486401162,171,2015-12-09
151,"Canisius","MAAC","3-4",0.554463526362197,110.491605052111,54,108.409990600596,297,71.2784566325776,112,"19.1-13.9","12.5-7.5",-2.70492485277982,235,2015-12-09
324,"Central Arkansas","Slnd","1-7",0.134216569918736,98.9901233588837,224,116.410495548699,348,72.2645491782216,72,"8.1-19.9","6.8-11.2",-3.93911448921937,292,2015-12-09
347,"Central Connecticut","NEC","0-8",0.0625496567751203,90.186826788066,336,114.124770947753,345,69.5801528535202,201,"4.1-24.9","3.6-14.4",-7.12641826032903,350,2015-12-09
150,"Central Michigan","MAC","2-4",0.555289371616939,110.565956388771,53,108.451404043597,300,70.1847406276854,168,"15.4-14.6","9.8-8.2",-3.04199370898049,250,2015-12-09
286,"Charleston Southern","BSth","2-5",0.211187922110868,98.6233401330999,229,110.597500852842,326,70.009682551914,176,"9.8-17.2","7.5-10.5",-2.4841811003609,223,2015-12-09
300,"Charlotte","CUSA","1-8",0.179877347033346,95.5722572758015,278,109.050509417411,308,73.6809196719327,36,"8.4-24.6","5.5-12.5",-5.14678339704721,335,2015-12-09
114,"Chattanooga","SC","4-2",0.641279136458078,105.57065189805,110,100.370225810117,129,69.4737496331067,208,"23.9-9.1","13.9-4.1",0.164951275368599,54,2015-12-09
330,"Chicago St.","WAC","0-6",0.122170866004588,90.3052008725391,334,107.197833884209,274,72.6121476218898,58,"5.2-23.8","4.2-9.8",-4.20595580453787,308,2015-12-09
22,"Cincinnati","Amer","8-1",0.914044627419824,111.154052078203,44,90.4997809008328,14,69.0416079627063,233,"25.3-7.7","13.7-4.3",0.413665407789218,43,2015-12-09
50,"Clemson","ACC","6-2",0.814979090939285,108.276256287236,75,95.1786840835526,54,64.4566968145898,345,"16.9-14.1","7.6-10.4",-1.36968854286082,154,2015-12-09
230,"Cleveland St.","Horz","1-6",0.333121006708635,96.1586680181728,271,102.141221927775,181,66.6323505553802,326,"10.4-19.6","7.5-10.5",-3.53386042650343,273,2015-12-09
182,"Coastal Carolina","BSth","2-4",0.469744267565035,100.850683312466,182,101.918925167394,174,69.2343282796105,225,"17.1-12.9","11.6-6.4",-2.54260974466732,225,2015-12-09
318,"Colgate","Pat","2-6",0.144598439811441,94.6227310388601,294,110.4400189978,324,67.5746890963642,298,"7.2-21.8","4.7-13.3",-3.93114247956851,291,2015-12-09
154,"College of Charleston","CAA","6-2",0.546019030368117,99.6404610347039,207,98.0537962738931,96,67.6152471048928,295,"17.2-12.8","9.4-8.6",-0.818267658426559,106,2015-12-09
61,"Colorado","P12","6-1",0.790297889959557,107.473799581165,84,95.7633426260666,60,70.6970866727103,132,"19.2-13.8","8.4-9.6",0.439076040844166,41,2015-12-09
130,"Colorado St.","MWC","5-3",0.594052105092336,111.30736465422,43,107.682534859428,282,71.4938010494284,101,"18-14","9.2-8.8",-1.37242818769548,156,2015-12-09
119,"Columbia","Ivy","5-5",0.625870098018388,112.885807215062,31,107.946330463879,287,65.1436694238475,343,"20.6-12.4","9-5",-2.64171587348633,234,2015-12-09
26,"Connecticut","Amer","5-3",0.91077132437892,112.470572591541,35,91.8984201044487,20,69.1192327852972,231,"25.4-10.6","13.5-4.5",-0.509136814779462,85,2015-12-09
344,"Coppin St.","MEAC","0-7",0.0779328193990284,90.3480436116543,333,112.002255389779,332,75.3601043661556,8,"5.7-23.3","4.7-11.3",-4.75299538317448,327,2015-12-09
280,"Cornell","Ivy","4-4",0.222235121252574,94.9474492934796,289,105.874347929353,248,73.8340674171389,30,"8.5-18.5","3.5-10.5",-2.14761689763721,206,2015-12-09
62,"Creighton","BE","6-3",0.789474977026623,112.654718475114,34,100.423032200177,130,72.8454783092295,53,"19.5-15.5","7.9-10.1",-1.17429125153997,136,2015-12-09
207,"Dartmouth","Ivy","3-3",0.391169554081624,98.3282234833969,237,102.184556370632,182,68.9267758017408,241,"12.3-14.7","5.9-8.1",-1.97178835297732,196,2015-12-09
59,"Davidson","A10","5-1",0.791387600572338,115.36147623577,20,102.732701167669,192,74.7198322499359,14,"19.7-12.3","10.3-7.7",0.400993407910366,44,2015-12-09
30,"Dayton","A10","7-1",0.893784359260983,109.839339601321,65,91.2681568906055,18,70.4628499793106,142,"26.5-6.5","13.8-4.2",1.91898894191935,5,2015-12-09
195,"Delaware","CAA","4-3",0.420111699235904,99.9019944213284,203,102.741592986666,193,68.5155204306935,258,"12.9-17.1","7.2-10.8",-1.55657477996966,168,2015-12-09
343,"Delaware St.","MEAC","0-8",0.0795372957651016,88.8415256386701,341,109.923019400483,317,67.2944771506696,310,"6.2-23.8","5.6-10.4",-6.34064996320502,348,2015-12-09
173,"Denver","Sum","6-3",0.488292494904738,100.831013521208,183,101.242527649888,160,64.107056733038,348,"17.2-13.8","8-8",-2.07376513742547,200,2015-12-09
142,"DePaul","BE","5-3",0.574853816495267,105.053301473857,121,102.333242952273,184,70.6780610658132,133,"11.2-19.8","4.4-13.6",-1.48340329793503,160,2015-12-09
169,"Detroit","Horz","2-3",0.495537008653116,103.466201680263,144,103.626945904146,209,73.7421352293245,35,"15.6-13.4","10.1-7.9",-0.973921558488358,117,2015-12-09
215,"Drake","MVC","3-5",0.363189750604062,103.031604817525,149,108.187506968737,290,66.290001777965,333,"10.6-19.4","5.9-12.1",-3.94834532629776,295,2015-12-09
231,"Drexel","CAA","1-5",0.333046888814108,98.2735361751678,239,104.390696236408,219,67.9407209193806,286,"8.5-21.5","5.7-12.3",-3.62675636422437,279,2015-12-09
8,"Duke","ACC","8-1",0.951686717114358,123.180037896463,1,95.0564134223716,50,69.469801642563,209,"28.5-7.5","12.8-5.2",2.03881770902723,4,2015-12-09
121,"Duquesne","A10","6-2",0.6234293627339,111.040588589409,47,106.278012659942,257,73.802477164122,32,"17.7-15.3","7.1-10.9",-0.855617870790787,109,2015-12-09
197,"East Carolina","Amer","5-4",0.412737272895108,102.090247560352,162,105.269463329312,233,67.7254332479419,292,"12.9-19.1","4.8-13.2",-1.68820927241099,175,2015-12-09
239,"East Tennessee St.","SC","2-4",0.328605367781872,100.620054311392,187,107.069909441356,269,70.3073846267575,159,"14.3-19.7","8.9-9.1",-1.83423795859125,188,2015-12-09
284,"Eastern Illinois","OVC","2-5",0.216881819461394,95.8147135962342,274,107.132076782144,270,69.0319109971888,234,"9.8-18.2","6.6-9.4",-3.3462236461511,267,2015-12-09
219,"Eastern Kentucky","OVC","6-3",0.358984245582529,106.995602856708,88,112.528103844487,338,74.3647835107225,19,"16.8-13.2","8.4-7.6",-1.15587720113755,133,2015-12-09
168,"Eastern Michigan","MAC","2-3",0.501776927347665,97.1529100492077,255,97.0928818575653,78,72.1033511480424,77,"13.8-15.2","8.9-9.1",-1.0023562908233,120,2015-12-09
188,"Eastern Washington","BSky","3-4",0.456229079411343,108.58160150343,73,110.251676165775,322,69.5022091865519,206,"18.5-13.5","12.5-5.5",-2.58869559567934,229,2015-12-09
208,"Elon","CAA","4-3",0.384933642834797,101.477674013917,172,105.698614766082,241,73.3790772570946,42,"13.2-16.8","6.6-11.4",-1.09621524249485,128,2015-12-09
68,"Evansville","MVC","6-2",0.765498750675308,108.428604313484,74,97.8285610055771,92,70.3349754540995,158,"23.8-9.2","12.4-5.6",-0.10495501488705,68,2015-12-09
186,"Fairfield","MAAC","4-4",0.458878837859761,100.335677663164,198,101.78438803973,171,72.8117711923643,54,"18.7-14.3","11.4-8.6",-1.23439853367274,144,2015-12-09
296,"Fairleigh Dickinson","NEC","2-6",0.189032450313613,96.8046778660865,260,109.873632881443,316,73.653454765184,37,"12.6-19.4","8.4-9.6",-3.44043927612602,269,2015-12-09
243,"FIU","CUSA","2-5",0.322747623514996,96.3894616376934,266,102.806309824041,194,68.3669245345582,265,"12.2-17.8","8.1-9.9",-4.00287678555469,302,2015-12-09
23,"Florida","SEC","6-2",0.913514743714265,107.151433965397,87,87.2919521968594,2,70.4367688291843,146,"24.5-11.5","12.1-5.9",0.671012785683925,32,2015-12-09
350,"Florida A&M","MEAC","1-6",0.0153327184848253,78.6527711611783,351,112.954296319899,339,71.8294539357857,88,"2.7-24.3","1.4-14.6",-4.69276620745042,325,2015-12-09
279,"Florida Atlantic","CUSA","1-4",0.228715530063711,95.370425616446,282,106.003380387063,253,69.3722065189067,215,"9.2-21.8","6.3-11.7",-2.38444361903056,219,2015-12-09
247,"Florida Gulf Coast","ASun","3-4",0.305455288847489,97.3403361439896,251,104.547777118854,225,70.2766897506522,162,"14.1-16.9","7.2-6.8",-1.83986355002624,189,2015-12-09
37,"Florida St.","ACC","5-2",0.874203898349442,110.280647147551,57,93.172264073857,33,73.1860003053907,43,"21.2-12.8","9.4-8.6",0.0395707655422622,62,2015-12-09
132,"Fordham","A10","6-1",0.590596268708205,103.786974072774,132,100.532083847436,134,70.1610933807189,170,"16.2-13.8","6.7-11.3",-0.352722858528449,77,2015-12-09
123,"Fresno St.","MWC","5-3",0.617915407291161,104.898086216312,124,100.603640225711,139,72.1028446922234,78,"17.8-15.2","9.5-8.5",-0.916937302436909,113,2015-12-09
228,"Furman","SC","4-3",0.338469505062998,101.255537000881,175,107.331145844587,279,66.6801516944587,325,"16.3-16.7","9.1-8.9",-1.77936150494315,183,2015-12-09
255,"Gardner Webb","BSth","2-6",0.285310423662174,100.124105091256,199,108.446837483347,299,71.5156575255847,99,"12.7-17.3","9.5-8.5",-3.08125897183577,256,2015-12-09
144,"George Mason","A10","4-6",0.568436304307562,100.614771126509,189,98.2332549522738,102,66.8625597962893,321,"12.8-19.2","6.1-11.9",-3.3381100059991,266,2015-12-09
41,"George Washington","A10","8-1",0.852449188404108,111.739347216285,39,95.9332169978818,62,69.4648576735238,210,"27.9-10.1","12-6",1.42118081491905,16,2015-12-09
20,"Georgetown","BE","5-3",0.916339882988681,114.405905684763,26,92.908152526616,32,68.960445332378,239,"22.3-10.7","12-6",-0.543046403879556,89,2015-12-09
78,"Georgia","SEC","4-3",0.752856142483588,102.876066150409,152,93.3787535999215,34,68.0696068160225,280,"16.6-17.4","8.2-9.8",-1.27821135836524,147,2015-12-09
293,"Georgia Southern","SB","1-4",0.193337602854828,95.1373745310367,285,107.720126902501,283,70.2258286092258,166,"7.9-21.1","5.4-14.6",-3.09503095141836,258,2015-12-09
131,"Georgia St.","SB","2-2",0.592286030159355,102.111602389625,161,98.8491273127121,108,67.1625257873584,313,"17.6-10.4","13-7",-0.71014627641108,97,2015-12-09
57,"Georgia Tech","ACC","6-2",0.798462745044554,110.188368633557,59,97.7562443308014,91,68.8659591095541,242,"18.4-17.6","6.7-11.3",-0.0658004103892161,64,2015-12-09
12,"Gonzaga","WCC","6-2",0.945402910884985,112.706211719582,33,87.9542379609951,4,69.9884440552386,181,"29.8-5.2","16.7-1.3",0.476810361337197,40,2015-12-09
351,"Grambling St.","SWAC","0-6",0.0150111918121803,78.8839256615767,350,113.498446453486,341,71.0605617523354,121,"2.6-25.4","2.3-15.7",-3.68564356197984,282,2015-12-09
189,"Grand Canyon","WAC","6-1",0.455310103974186,102.827683951042,153,104.442901014896,221,69.7805177325204,195,"22-10","9.6-4.4",0.0800129583685676,59,2015-12-09
163,"Green Bay","Horz","3-4",0.520592287012068,98.7392128596837,227,98.0341191418867,95,76.4708373797704,6,"17.5-16.5","10.5-7.5",-2.12623916030647,204,2015-12-09
258,"Hampton","MEAC","4-3",0.271849847603543,93.6512250555429,307,102.028487784756,180,71.9256674056079,84,"16.9-14.1","10.4-5.6",-1.78654702174474,184,2015-12-09
298,"Hartford","AE","3-7",0.183114030784697,95.4073434998357,281,108.656279665217,305,71.5285669449914,97,"10.3-21.7","5.9-10.1",-4.8691210096578,329,2015-12-09
128,"Harvard","Ivy","2-6",0.598961424995546,98.4975732837744,234,95.1210421786587,52,68.2573726707069,276,"13.5-14.5","8.6-5.4",-3.55201507140836,274,2015-12-09
83,"Hawaii","BW","5-1",0.739111368824929,105.95840806067,104,96.7851943823648,72,73.0047467575667,46,"22.2-9.8","11.2-4.8",-0.0901606886860327,67,2015-12-09
125,"High Point","BSth","6-2",0.606742579325048,106.797027313857,90,102.844922647986,195,68.448113339271,264,"20.8-8.2","14.6-3.4",-0.361479321364737,80,2015-12-09
120,"Hofstra","CAA","5-3",0.624117085663312,111.50475921353,41,106.695082948015,264,72.5331976018509,59,"19.6-13.4","10.8-7.2",-0.915286929501364,112,2015-12-09
236,"Holy Cross","Pat","3-6",0.330476051955586,100.399202776551,196,106.756273430022,266,63.2907276146694,350,"14.9-20.1","8.9-9.1",-4.0367138981569,304,2015-12-09
106,"Houston","Amer","5-1",0.658507019045359,109.841562180729,64,103.745330701915,210,69.5387352635286,205,"18.5-13.5","7.9-10.1",-0.218718260442592,71,2015-12-09
323,"Houston Baptist","Slnd","1-6",0.136118981876655,95.4663370914584,280,112.107826468731,333,71.0838993830555,120,"8.3-21.7","6.2-11.8",-3.77126122373709,285,2015-12-09
244,"Howard","MEAC","4-4",0.317910637453991,94.9581436969358,288,101.475558999073,166,71.1771265501981,118,"17.6-12.4","11.1-4.9",-2.30201845777765,214,2015-12-09
275,"Idaho","BSky","4-5",0.2422399253304,92.7861856643611,317,102.459367162995,188,68.5620490796889,257,"13.9-18.1","8.6-9.4",-2.90031948162872,243,2015-12-09
317,"Idaho St.","BSky","1-4",0.146447779794058,94.140886859911,302,109.735618578276,313,69.7927686582193,194,"9.9-19.1","6.1-11.9",-2.55176445164362,226,2015-12-09
104,"Illinois","B10","5-5",0.666486105171762,107.716747395774,79,101.423219039921,164,70.6630051699265,135,"14.5-19.5","6.3-11.7",-2.44497083670642,222,2015-12-09
332,"Illinois Chicago","Horz","0-5",0.115578775700289,90.6655601879841,332,108.21634878133,292,75.1094904643842,10,"3.8-24.2","3-15",-4.36403999176852,314,2015-12-09
135,"Illinois St.","MVC","2-6",0.587378934669385,99.0541188340405,222,96.0586061518389,63,72.1091110052399,76,"14.4-16.6","9.3-8.7",-3.18368827261817,261,2015-12-09
257,"Incarnate Word","Slnd","0-4",0.280081421280562,99.724778066518,206,108.256796732078,293,71.9795300458943,83,"11-14","10-8",-1.48008272172379,159,2015-12-09
24,"Indiana","B10","7-3",0.913290551260128,120.474310188777,4,98.1697546855951,97,72.0238498590239,82,"23.9-11.1","12.2-5.8",-0.845952571907198,108,2015-12-09
134,"Indiana St.","MVC","3-5",0.587777981688727,98.1194122026567,241,95.1385420820124,53,71.5784145191541,94,"14.7-16.3","9.3-8.7",-2.91035458899744,244,2015-12-09
97,"Iona","MAAC","3-3",0.700360061468282,113.557144022554,29,105.475527798586,235,75.6128536730524,7,"21.4-11.6","15.6-4.4",-1.07951433939588,125,2015-12-09
19,"Iowa","B10","7-2",0.924605144816538,115.185660319613,22,92.6267183220379,28,70.8224324382659,129,"22.9-10.1","11.6-6.4",0.62743645992554,33,2015-12-09
15,"Iowa St.","B12","7-0",0.93739617514384,116.350116760857,15,91.9527841810856,21,74.3640833023281,20,"25.7-9.3","11.7-6.3",1.43445729141688,15,2015-12-09
181,"IPFW","Sum","6-4",0.470942218364077,101.956621065007,164,102.993501636342,197,70.3411147818607,157,"16.8-15.2","7.7-8.3",-1.10737067874732,129,2015-12-09
223,"IUPUI","Sum","2-7",0.346911800685596,95.7072969384591,276,101.119891572415,152,70.1658035361177,169,"9.4-21.6","5.7-10.3",-4.11149381721398,306,2015-12-09
227,"Jackson St.","SWAC","2-6",0.338642552017599,94.8245512639608,292,100.507529477665,133,69.9485821759032,186,"19.9-14.1","13.7-4.3",-3.26210834622148,263,2015-12-09
263,"Jacksonville","ASun","1-5",0.263182195922061,100.41599824887,195,109.820011375056,314,71.2532025537766,114,"11.7-16.3","6.5-7.5",-3.60727726385105,277,2015-12-09
308,"Jacksonville St.","OVC","1-8",0.164299274249982,96.1645029349935,270,110.775111055839,328,66.4770706333363,331,"7.4-21.6","4.7-11.3",-6.17131692633625,347,2015-12-09
141,"James Madison","CAA","6-3",0.582560339550359,109.70682462932,66,106.572936235353,262,67.2231360450853,312,"18.7-12.3","10-8",-0.940546758830998,116,2015-12-09
1,"Kansas","B12","6-1",0.967625029815274,118.719519777658,8,88.3523248853316,7,74.3437132162219,21,"29.8-7.2","14.1-3.9",1.00615522930575,21,2015-12-09
80,"Kansas St.","B12","7-1",0.746747357002045,103.290889943216,145,94.0211422247674,38,69.568362461447,202,"16.5-16.5","5.6-12.4",0.804694133943803,25,2015-12-09
328,"Kennesaw St.","ASun","2-8",0.125725208364311,90.2860314030024,335,106.870433664549,267,69.9368338331875,188,"6.2-22.8","3.8-10.2",-4.93577614176554,332,2015-12-09
153,"Kent St.","MAC","5-2",0.550574411732995,105.357016961266,117,103.513628616285,206,68.6872133176172,251,"18.2-12.8","9.8-8.2",-0.636001290488894,94,2015-12-09
14,"Kentucky","SEC","8-1",0.937970975684473,114.719145528391,25,90.5862899608596,15,70.1229076097856,173,"27.5-8.5","13.3-4.7",0.884184718871183,23,2015-12-09
175,"La Salle","A10","3-3",0.482448909325258,100.684431216384,185,101.301216347468,162,70.1337216231425,172,"9.5-20.5","5-13",-2.48724752923376,224,2015-12-09
303,"Lafayette","Pat","2-7",0.178142764641705,99.302510717234,216,113.423177920235,340,72.9513316372486,49,"8-22","5.6-12.4",-5.19229212951854,337,2015-12-09
277,"Lamar","Slnd","3-3",0.230813655723725,97.1327176182814,257,107.85090814208,285,72.5126184172063,62,"12.7-13.3","9-9",-2.37200664144795,217,2015-12-09
206,"Lehigh","Pat","0-7",0.394106678755042,100.636359649821,186,104.471267490042,222,70.437064712392,145,"13.8-17.2","10.1-7.9",-3.59314942707146,276,2015-12-09
342,"Liberty","BSth","0-7",0.08757113086124,89.8562021184023,338,110.168063608465,321,65.8518373114858,339,"4.2-24.8","3.5-14.5",-6.12158892631767,346,2015-12-09
217,"Lipscomb","ASun","2-8",0.360424757624461,100.57489715937,190,105.717885787415,242,73.0885440442411,44,"13.2-17.8","8-6",-5.97267232496184,343,2015-12-09
262,"LIU Brooklyn","NEC","4-3",0.263713671571439,99.4699562702274,211,108.75946570089,306,71.8595728780926,87,"16.8-14.2","10.3-7.7",-2.20192731540068,209,2015-12-09
112,"Long Beach St.","BW","4-6",0.64752031176411,109.038660419826,70,103.422161859614,205,69.8407791623691,191,"15.7-17.3","9.7-6.3",-1.69596964046067,177,2015-12-09
313,"Longwood","BSth","1-6",0.157738374240033,99.5473283556086,209,115.157258692008,347,70.1167632809312,174,"7.9-22.1","6.2-11.8",-4.89829533106542,330,2015-12-09
102,"Louisiana Lafayette","SB","1-3",0.670760220968795,107.618639923429,81,101.161008793513,156,74.9426494529445,11,"20.5-11.5","13.9-6.1",-1.29824467527555,150,2015-12-09
139,"Louisiana Monroe","SB","3-2",0.583992075840712,98.2075015751477,240,95.3532503558352,56,67.3190287747278,308,"18.8-13.2","13.3-6.7",-0.92611704769313,115,2015-12-09
127,"Louisiana Tech","CUSA","5-1",0.599372270831364,102.903616461849,151,99.361263143273,114,72.9866094993757,47,"22.4-8.6","13.1-4.9",0.282093097376563,49,2015-12-09
6,"Louisville","ACC","6-1",0.953730164222905,114.78994697292,23,88.2331722037003,5,68.7206193016058,249,"23.9-7.1","12.5-5.5",0.211351577717302,52,2015-12-09
160,"Loyola Chicago","MVC","4-3",0.529354800475691,100.362414270261,197,99.3417232499132,113,66.4814246709158,330,"16-15","8.4-9.6",-1.55638702528557,167,2015-12-09
224,"Loyola Marymount","WCC","4-4",0.345171515099656,99.7727453269382,204,105.485772767794,237,70.1586710330619,171,"11.9-18.1","6.1-11.9",-1.95443891347419,195,2015-12-09
267,"Loyola MD","Pat","1-8",0.25791745736097,97.8303231865603,245,107.246728065078,276,70.7263573964811,131,"9.3-20.7","7.5-10.5",-5.75161456708581,340,2015-12-09
69,"LSU","SEC","4-3",0.764107193850826,107.430923797203,85,96.9936401883649,76,74.5771593839419,15,"16.8-16.2","7.8-10.2",-1.72288442278145,180,2015-12-09
334,"Maine","AE","2-6",0.11361381098462,92.6637692386204,320,110.787780542354,329,76.8892730988901,4,"7.2-22.8","4.2-11.8",-4.28891619051029,311,2015-12-09
269,"Manhattan","MAAC","1-6",0.254911288925363,95.2674103270868,284,104.580412964378,226,71.8603013520599,86,"9.6-21.4","6.4-13.6",-4.31408491932179,312,2015-12-09
321,"Marist","MAAC","2-5",0.1386972439381,92.0383436914191,327,107.878020542724,286,69.7650837848797,197,"7.3-22.7","5.1-14.9",-3.94762192053011,294,2015-12-09
67,"Marquette","BE","7-2",0.767406249243301,105.278592872341,118,94.8985196462937,46,71.8766611194379,85,"18.6-14.4","7.5-10.5",-0.555994321697758,91,2015-12-09
261,"Marshall","CUSA","1-6",0.265279735787183,95.9093048832427,273,104.79290235111,228,77.6192669127738,3,"9.9-23.1","6.7-11.3",-4.00228567446311,301,2015-12-09
16,"Maryland","B10","8-1",0.932987786412982,119.075561742961,6,94.7040501295458,45,67.9453072220311,285,"26.2-8.8","12.2-5.8",1.48456573726618,14,2015-12-09
326,"Maryland Eastern Shore","MEAC","1-8",0.129199711564717,93.2264769746083,314,110.051611088136,319,70.3009667741847,160,"9.1-21.9","6.9-9.1",-5.19064213498902,336,2015-12-09
101,"Massachusetts","A10","5-3",0.671124617330366,105.685971341264,108,99.3300524437724,112,72.9214663251431,50,"16.8-15.2","8.2-9.8",-1.19040616620254,139,2015-12-09
327,"McNeese St.","Slnd","0-5",0.126791754318733,92.9508991588363,316,109.932345071343,318,70.4091385129257,149,"6.9-19.1","6.4-11.6",-2.89910319852425,242,2015-12-09
63,"Memphis","Amer","5-2",0.786832563496088,105.278580783206,119,93.9770122603445,36,73.4478803449245,40,"21.7-12.3","10.4-7.6",-0.765536086400959,103,2015-12-09
165,"Mercer","SC","5-2",0.515661119631509,101.740395987128,170,101.187507250762,157,65.2105986675461,342,"20.4-11.6","12.1-5.9",-1.14348883790368,131,2015-12-09
13,"Miami FL","ACC","8-1",0.939474485930951,121.089595232994,3,95.3995359041835,57,67.8008072851336,289,"26.2-8.8","12.1-5.9",1.74348779113184,7,2015-12-09
201,"Miami OH","MAC","3-4",0.407988435729069,99.1151263053117,220,102.376262942937,187,67.8786797801781,288,"13.8-18.2","7.2-10.8",-2.63077356867462,232,2015-12-09
29,"Michigan","B10","5-3",0.895424494883885,117.683476625316,10,97.6382360391254,89,65.6090894071615,340,"22.4-12.6","10.7-7.3",0.152956235253449,55,2015-12-09
9,"Michigan St.","B10","10-0",0.951511079992882,119.267490750049,5,92.0676765480049,22,67.9773425490447,284,"29.3-5.7","14-4",2.45995051865775,1,2015-12-09
111,"Middle Tennessee","CUSA","4-2",0.647998725727786,99.7280747313595,205,94.5739123373396,42,68.7725461448213,248,"21.1-11.9","13-5",-0.54340536759049,90,2015-12-09
129,"Milwaukee","Horz","6-3",0.595115206836979,103.609150284987,139,100.196587587597,126,69.2688813377092,221,"20.1-10.9","11.6-6.4",-0.720910470481135,98,2015-12-09
124,"Minnesota","B10","5-4",0.609989340167916,107.968153677385,78,103.849578544347,212,70.4579332291886,144,"12.7-18.3","5.3-12.7",-2.22928087775481,210,2015-12-09
87,"Mississippi","SEC","6-2",0.726015456669653,108.005683108909,77,99.230432898547,111,69.0141639099599,236,"17.5-14.5","7.8-10.2",-0.535850458830249,88,2015-12-09
113,"Mississippi St.","SEC","4-3",0.646019618888615,109.081675250316,68,103.522075791118,207,71.5579588788098,96,"13.8-17.2","6-12",-1.50824763129688,163,2015-12-09
348,"Mississippi Valley St.","SWAC","0-10",0.0511520255306919,88.3443053011603,342,113.885505959609,343,73.958875754466,28,"7.5-27.5","5.8-12.2",-7.44648073223843,351,2015-12-09
148,"Missouri","SEC","5-3",0.561946054138894,103.675948522918,136,101.454704143568,165,68.7189122312153,250,"12.7-18.3","4.9-13.1",-0.999609914280676,119,2015-12-09
213,"Missouri St.","MVC","1-5",0.365705348546761,97.5869756633476,248,102.373690079662,186,68.2658621007971,275,"9.9-21.1","5.9-12.1",-3.04363787436951,251,2015-12-09
110,"Monmouth","MAAC","5-3",0.650505635110953,102.975648044321,150,97.5602080112728,86,72.5145833881678,61,"24.2-11.8","14.2-5.8",-0.00298469022600301,63,2015-12-09
161,"Montana","BSky","2-4",0.52929583705865,101.851709459913,166,100.817947021875,146,67.4089356422909,303,"18-12","13.5-4.5",-2.17000093116873,207,2015-12-09
287,"Montana St.","BSky","3-4",0.210479949468344,101.702316062306,171,114.092511875885,344,70.6291950665847,137,"12-18","7.8-10.2",-2.59882487687617,230,2015-12-09
146,"Morehead St.","OVC","4-2",0.566883057614786,100.536154018289,192,98.2105327631455,100,67.4092295350592,302,"22-13","11.3-4.7",-0.360440897113041,79,2015-12-09
302,"Morgan St.","MEAC","1-6",0.178650415123226,92.7657265338731,318,105.92496616845,249,70.270361341395,163,"12.4-17.6","8.7-7.3",-3.09139429757284,257,2015-12-09
214,"Mount St. Mary's","NEC","3-6",0.364392044502689,97.154700547435,254,101.970439313056,176,73.7883968410376,33,"18-15","12.2-5.8",-2.8748601557043,241,2015-12-09
174,"Murray St.","OVC","4-4",0.486030400107926,101.11719223678,178,101.609843930868,168,69.4119771830662,213,"17.6-11.4","11-5",-1.87770826829318,192,2015-12-09
180,"Navy","Pat","6-3",0.472682640491907,96.0818109244754,272,97.0000202190515,77,66.0633560785725,336,"20.9-11.1","11.4-6.6",-1.1270951249499,130,2015-12-09
86,"Nebraska","B10","6-4",0.726027388611161,103.055039305114,147,94.6815253362742,44,70.2127645485339,167,"17-17","7.2-10.8",-0.775593305803118,104,2015-12-09
190,"Nebraska Omaha","Sum","3-5",0.441005476572354,102.659788176606,155,104.798174526581,229,78.8967983327858,2,"12.9-17.1","7.2-8.8",-3.3539906909357,268,2015-12-09
166,"Nevada","MWC","4-3",0.514772668494299,99.2778970187418,218,98.7689360593366,107,70.8066621610371,130,"17.1-18.9","7.6-10.4",-1.28983263135249,148,2015-12-09
221,"New Hampshire","AE","4-3",0.356537431346339,101.077545054142,181,106.402520643175,259,69.6300039551371,199,"16.2-14.8","8.9-7.1",-1.22723654570965,143,2015-12-09
52,"New Mexico","MWC","5-2",0.810989827160934,106.623692214829,96,93.940115310131,35,71.5912708063243,93,"23.1-8.9","12.9-5.1",0.134688869795874,56,2015-12-09
137,"New Mexico St.","WAC","5-3",0.585103313571481,102.144152928368,159,99.1360353851788,110,67.4420401824487,301,"19.9-12.1","11-3",-2.04493539615968,198,2015-12-09
297,"New Orleans","Slnd","1-5",0.185963574810961,93.0081628267394,315,105.749658803418,244,72.179031385019,75,"9.8-17.2","8.1-9.9",-3.46232530736788,270,2015-12-09
305,"Niagara","MAAC","3-7",0.171004607497078,92.0833299465875,326,105.631528527459,239,68.8540889588373,243,"8.4-23.6","5.6-14.4",-5.12409358573594,334,2015-12-09
306,"Nicholls St.","Slnd","0-3",0.170401724950444,93.408875881807,312,107.191790231285,273,71.1668266833607,119,"9.5-21.5","7.8-10.2",-1.38285308671829,157,2015-12-09
155,"NJIT","ASun","4-4",0.545350100008661,105.04900720656,122,103.400475327805,204,71.4933246025353,102,"20.9-13.1","10.2-3.8",-1.86270057892709,190,2015-12-09
235,"Norfolk St.","MEAC","2-4",0.330964398166211,102.503089542828,157,108.972465608839,307,67.1354383566677,314,"15.1-16.9","11.3-4.7",-2.8023797964123,238,2015-12-09
7,"North Carolina","ACC","7-1",0.952986914733468,118.955663944844,7,91.5681444421358,19,74.0426899275286,25,"30.6-9.4","13.1-4.9",1.56518920516762,11,2015-12-09
294,"North Carolina A&T","MEAC","4-6",0.191950943881296,96.2415638474009,268,109.054869019041,309,70.3681706408692,154,"15.4-15.6","10.2-5.8",-3.25768174828868,262,2015-12-09
253,"North Carolina Central","MEAC","2-5",0.294033610558082,96.1806511815545,269,103.792231137238,211,67.6687121419187,293,"15.2-13.8","11-5",-3.87927472814839,289,2015-12-09
72,"North Carolina St.","ACC","5-3",0.759519017183102,110.241495185272,58,99.7502451922473,120,70.4116444634457,148,"15.6-17.4","6-12",-1.51908262007233,164,2015-12-09
319,"North Dakota","BSky","2-4",0.142973221313284,91.2457205229116,330,106.620826115484,263,71.7368235964829,90,"9.1-20.9","5.8-12.2",-2.56514072725435,228,2015-12-09
143,"North Dakota St.","Sum","4-3",0.570945167634456,101.113118591557,179,98.6319911686139,106,68.3529092697598,267,"18.7-12.3","9.2-6.8",-1.40136876128966,158,2015-12-09
100,"North Florida","ASun","4-4",0.68220272346143,113.01945658567,30,105.755809565914,245,72.3217181833446,71,"21.5-9.5","11.6-2.4",-1.3588056676292,153,2015-12-09
309,"North Texas","CUSA","0-6",0.160983448055517,93.9770938950888,303,108.484803559638,301,71.3052338824473,111,"7.5-22.5","5.4-12.6",-4.68973022044609,324,2015-12-09
122,"Northeastern","CAA","5-3",0.619592484819589,106.392158376293,98,101.973486228112,177,68.5149716318553,259,"18.5-13.5","10.7-7.3",-1.17937516600549,137,2015-12-09
265,"Northern Arizona","BSky","0-6",0.260732757724753,96.8163956934094,259,106.00001879399,252,72.366224707838,69,"8.9-19.1","8.4-9.6",-3.95967735410766,298,2015-12-09
337,"Northern Colorado","BSky","0-6",0.10894061758907,100.619128954263,188,120.794520139097,351,69.9383644909036,187,"5.5-23.5","4.7-13.3",-4.11677722756763,307,2015-12-09
200,"Northern Illinois","MAC","5-1",0.408296832864649,99.4179409141998,212,102.677641474046,190,67.7344548245817,290,"14.9-15.1","7.1-10.9",-0.319915422078897,75,2015-12-09
58,"Northern Iowa","MVC","5-2",0.798252427580438,109.886955820621,62,97.4999146186283,85,66.871581198866,320,"22.7-12.3","13-5",0.0497753775916449,61,2015-12-09
270,"Northern Kentucky","Horz","0-5",0.253613048959185,98.0111038141344,244,107.656396906609,281,69.2917701015394,219,"7.8-20.2","6.1-11.9",-3.07339712695364,254,2015-12-09
65,"Northwestern","B10","7-1",0.772225848200536,109.94417909678,61,98.8699748934163,109,66.0421686967904,337,"19.8-12.2","8.1-9.9",0.800895332645437,26,2015-12-09
212,"Northwestern St.","Slnd","0-6",0.370909542437617,106.647813992357,94,111.661563598732,331,74.0095757932512,26,"11.8-12.2","11.8-6.2",-3.056579262458,252,2015-12-09
31,"Notre Dame","ACC","6-2",0.889489685652908,121.092685147687,2,101.008535522498,150,66.3948623351265,332,"22.2-13.8","10.1-7.9",-0.0665823873123336,66,2015-12-09
138,"Oakland","Horz","5-3",0.584503725473879,111.052376182005,46,107.80506031956,284,74.8451757012497,12,"20.5-14.5","11.4-6.6",-1.54107029974897,166,2015-12-09
171,"Ohio","MAC","4-3",0.493504269294348,105.431211081505,113,105.669703475064,240,72.4064564750245,65,"18.9-15.1","8.9-9.1",-1.35263443094592,152,2015-12-09
44,"Ohio St.","B10","4-4",0.845685864230158,110.171970228441,60,95.0226954475928,48,67.879859648931,287,"19.2-15.8","9.5-8.5",-2.56316239185661,227,2015-12-09
2,"Oklahoma","B12","6-0",0.962079596349709,114.275347379353,27,86.2653120703721,1,73.3816244274366,41,"30.1-6.9","13.5-4.5",1.79451506122564,6,2015-12-09
84,"Oklahoma St.","B12","5-3",0.738899034445068,106.647545730698,95,97.4239966872603,82,69.2595875709072,223,"14.1-17.9","5.5-12.5",-1.8280825436785,186,2015-12-09
64,"Old Dominion","CUSA","4-4",0.785900869096565,103.873493545472,131,92.7674873315563,30,64.2115174432041,346,"28.3-9.7","15.4-2.6",-1.37058533622919,155,2015-12-09
149,"Oral Roberts","Sum","6-2",0.560066786590984,105.374709022222,115,103.185513633277,201,71.502457768573,100,"16.3-12.7","9-7",0.362627042847938,46,2015-12-09
28,"Oregon","P12","7-1",0.901745419479337,112.031153482776,37,92.389593504237,25,72.3674086737731,68,"26-11","11.8-6.2",0.574060883887519,35,2015-12-09
55,"Oregon St.","P12","5-1",0.802075401609955,106.205857940754,100,94.0380580331856,39,67.3693331991604,305,"17.3-13.7","8.4-9.6",0.304171422979738,48,2015-12-09
193,"Pacific","WCC","0-6",0.425672831620881,101.820048918538,167,104.506885184351,223,68.3532553779309,266,"7.9-18.1","7.4-10.6",-4.617325190082,322,2015-12-09
276,"Penn","Ivy","4-5",0.231548831201176,97.5731687450522,249,108.301000450329,295,69.1964216884124,228,"8.7-18.3","3.7-10.3",-3.76187541325081,284,2015-12-09
147,"Penn St.","B10","5-3",0.564779912380048,100.46140968899,193,98.2106016199531,101,66.8369352953351,322,"12.3-19.7","4.3-13.7",-1.48385975266873,161,2015-12-09
116,"Pepperdine","WCC","4-4",0.63222110575897,99.5413072545597,210,94.9607244805363,47,69.3388228861941,216,"17.3-13.7","10.5-7.5",-2.10607080406844,203,2015-12-09
27,"Pittsburgh","ACC","5-1",0.910036692566194,118.460604482993,9,96.8686408358903,74,67.6234741012289,294,"21.7-10.3","10.5-7.5",0.115267446664613,58,2015-12-09
194,"Portland","WCC","3-6",0.423742621126829,101.163924143755,176,103.90480001578,214,72.3967766616452,66,"12-19","7.4-10.6",-4.44314197208998,317,2015-12-09
256,"Portland St.","BSky","1-4",0.280645798002075,98.7949888943228,226,107.221375042503,275,72.2045120383644,74,"12.8-16.2","8.8-9.2",-3.0237916045099,248,2015-12-09
346,"Prairie View A&M","SWAC","0-7",0.068123266483984,87.7048045290814,343,110.106123398889,320,71.5181720822976,98,"7.3-23.7","6.9-11.1",-3.79060211718873,286,2015-12-09
320,"Presbyterian","BSth","2-5",0.139531447232754,92.251165029979,324,108.061995140628,288,70.3955761353035,150,"7.8-20.2","5.3-12.7",-4.34867663612079,313,2015-12-09
94,"Princeton","Ivy","4-2",0.709313158554209,105.508819397161,112,97.6339157137789,88,71.3707898549621,109,"18.8-9.2","10.1-3.9",-0.661946831411247,95,2015-12-09
45,"Providence","BE","9-1",0.844650029163487,111.330276533484,42,96.0878444314767,64,68.3089108152871,271,"22.2-12.8","9.4-8.6",1.61965485034639,10,2015-12-09
4,"Purdue","B10","10-0",0.960230490450996,115.520206380583,19,87.5814803475847,3,70.3681831606129,153,"29.8-5.2","14.1-3.9",2.04078512481749,3,2015-12-09
249,"Quinnipiac","MAAC","4-4",0.303615035356946,94.7153342227382,293,101.805301104985,172,70.536568306578,140,"13.3-16.7","8.6-11.4",-3.17777880799011,260,2015-12-09
225,"Radford","BSth","4-5",0.341119448783495,99.2721908290669,219,105.12076045473,232,67.5512467041509,299,"14.6-14.4","9.9-8.1",-2.41494191898118,221,2015-12-09
46,"Rhode Island","A10","6-3",0.831839556096534,104.519005447373,127,90.9536198690741,17,69.2975704494724,218,"20.7-11.3","11.4-6.6",-1.15891895951687,134,2015-12-09
271,"Rice","CUSA","2-6",0.252611265259185,102.141040056451,160,112.244470857394,335,69.801427650154,193,"11-19","7.4-10.6",-4.27557692403884,310,2015-12-09
60,"Richmond","A10","5-3",0.790373839563964,112.109628326132,36,99.8900653699244,122,70.2463437408221,164,"19.4-12.6","10.3-7.7",0.0752158968966027,60,2015-12-09
218,"Rider","MAAC","1-8",0.359079878435445,99.2868600883243,217,104.416986119364,220,64.1540398791823,347,"12.2-20.8","8.5-11.5",-5.92230416338436,342,2015-12-09
295,"Robert Morris","NEC","1-8",0.190449095591644,93.6186441324942,308,106.172366847605,255,70.6730754719387,134,"10.3-21.7","8.5-9.5",-6.07697067881757,344,2015-12-09
248,"Rutgers","B10","3-5",0.30492109927812,94.2070470487414,301,101.20465507644,158,72.408559399311,64,"7.2-23.8","2.1-15.9",-3.11475525671403,259,2015-12-09
209,"Sacramento St.","BSky","5-2",0.379893099835298,103.695202642711,135,108.209019301074,291,69.0107696657697,237,"17.1-11.9","10.6-7.4",-1.09298229671037,127,2015-12-09
273,"Sacred Heart","NEC","1-6",0.24507587433992,97.4505486747914,250,107.466098860904,280,73.8282390154775,31,"12.8-17.2","9.8-8.2",-3.98135335249063,299,2015-12-09
75,"Saint Joseph's","A10","6-2",0.75712294992893,106.736598389519,91,96.6887560249403,70,71.444736683551,104,"21.1-14.9","9.9-8.1",0.487260462555745,39,2015-12-09
184,"Saint Louis","A10","4-3",0.463316750023511,97.0415395368057,258,98.2899209260723,104,68.3224973818116,269,"12.2-19.8","4.7-13.3",-1.29210789947789,149,2015-12-09
74,"Saint Mary's","WCC","5-0",0.758345975242194,111.146021967174,45,100.624778224994,140,66.7581316086158,323,"24.7-9.3","12.6-5.4",0.673798877505303,31,2015-12-09
246,"Saint Peter's","MAAC","3-4",0.308965243800656,94.476753276045,296,101.326750103652,163,68.5920673843794,256,"12.7-17.3","9.7-10.3",-2.94002866782217,245,2015-12-09
210,"Sam Houston St.","Slnd","1-4",0.379479345695051,96.5737747838934,264,100.792994039669,145,69.1836260603749,229,"16.1-13.9","11.6-6.4",-1.69237362007462,176,2015-12-09
266,"Samford","SC","4-4",0.258171392466701,98.9776881288783,225,108.492016252789,302,69.8942951697466,189,"13.8-17.2","7.5-10.5",-1.93139624906431,193,2015-12-09
232,"San Diego","WCC","2-6",0.332994936035241,94.5407223903209,295,100.427571319457,131,66.1612992670913,334,"9.8-19.2","5.9-12.1",-3.98761791412143,300,2015-12-09
53,"San Diego St.","MWC","4-4",0.808667463759851,101.322976024428,174,89.3870890707028,11,67.0787818072677,316,"23.7-12.3","12.7-5.3",-0.877513227726286,110,2015-12-09
259,"San Francisco","WCC","5-4",0.271506306475626,96.2795101472344,267,104.907714657458,230,67.5833397838169,297,"11-18","4.9-13.1",-2.82059377802255,239,2015-12-09
339,"San Jose St.","MWC","2-5",0.0924896048121675,87.3766185641045,345,106.570037676187,261,72.6580032036341,57,"4.1-23.9","1.4-16.6",-3.66773640536847,280,2015-12-09
233,"Santa Clara","WCC","2-7",0.332430961027803,94.4349487037476,298,100.337372591564,128,67.3311450195019,307,"9.2-20.8","5.9-12.1",-4.95727798660889,333,2015-12-09
335,"Savannah St.","MEAC","3-5",0.109272490658863,85.4931592148647,349,102.605137556458,189,69.2181930779734,227,"11.6-18.4","7.2-8.8",-3.04118969573703,249,2015-12-09
290,"Seattle","WAC","2-5",0.204121710975878,89.7103987509806,340,100.978843410454,149,68.8532716838619,244,"11.5-18.5","6-8",-3.82675761808878,287,2015-12-09
66,"Seton Hall","BE","6-2",0.769815048914202,107.609475928511,82,96.8854115814335,75,69.9988744892338,178,"17.7-16.3","7.5-10.5",-0.106994687059891,69,2015-12-09
152,"Siena","MAAC","6-4",0.550976206669395,103.664207152873,137,101.836055816323,173,72.3886352488033,67,"20.7-13.3","12.4-7.6",-1.69891847730939,179,2015-12-09
301,"SIU Edwardsville","OVC","2-7",0.179772026960898,94.8753645951382,290,108.262058507968,294,69.8308732162472,192,"8.5-19.5","5.6-10.4",-4.4820469460016,318,2015-12-09
18,"SMU","Amer","7-0",0.925551358474277,117.108506165696,13,94.061245303755,40,67.4933288394296,300,"25.5-4.5","14.2-3.8",1.52567301706751,12,2015-12-09
252,"South Alabama","SB","1-5",0.294675383318446,98.0532237300197,243,105.784570598475,246,72.8054782460963,55,"11.3-19.7","7.6-12.4",-2.98424584924757,246,2015-12-09
38,"South Carolina","SEC","8-0",0.870206206818038,108.69305301097,72,92.1178257284508,23,73.4949965015847,39,"25.1-7.9","11.6-6.4",1.07388959507132,19,2015-12-09
336,"South Carolina St.","MEAC","2-5",0.109132780721477,93.5865250749879,310,112.332468055743,336,68.0588773423283,281,"9.9-22.1","7.2-8.8",-3.4759458763236,271,2015-12-09
203,"South Dakota","Sum","5-3",0.401070096167574,103.490209227896,143,107.162599557516,271,70.9863565149794,123,"13.8-16.2","6.6-9.4",-1.2195706255654,142,2015-12-09
51,"South Dakota St.","Sum","6-1",0.813332741118735,110.97716775191,48,97.6452269466824,90,70.3648884596694,155,"25.3-6.7","13.1-2.9",0.262208308294783,50,2015-12-09
245,"South Florida","Amer","2-7",0.315756832809194,95.337702931141,283,101.969362053526,175,69.5597122586274,204,"7.4-25.6","3.5-14.5",-4.86448504425087,328,2015-12-09
316,"Southeast Missouri St.","OVC","0-8",0.147781507178949,92.1397098754432,325,107.303710906927,278,71.4341526725746,105,"5.4-21.6","5-11",-5.85455953818832,341,2015-12-09
310,"Southeastern Louisiana","Slnd","0-7",0.159962301132878,94.4640336700683,297,109.11881180781,310,70.8432121263537,127,"9.8-21.2","7.8-10.2",-4.55845365839292,320,2015-12-09
237,"Southern","SWAC","3-2",0.329653105302262,96.5341118460626,265,102.679677246453,191,69.7769528228328,196,"20.4-11.6","13.6-4.4",-0.509700076342115,86,2015-12-09
162,"Southern Illinois","MVC","8-2",0.521807014591876,102.512163001839,156,101.7370548875,170,72.0812244646873,80,"18.2-13.8","8.3-9.7",-1.06019024478615,124,2015-12-09
304,"Southern Miss","CUSA","1-5",0.172367540341569,92.655617207493,322,106.199473766374,256,65.9135745417543,338,"7.1-19.9","5.5-12.5",-3.70624936390254,283,2015-12-09
281,"Southern Utah","BSky","1-5",0.221100661335885,98.4379849215891,236,109.829366740479,315,69.9983137382309,179,"9.5-18.5","7.6-10.4",-3.52189775536456,272,2015-12-09
99,"St. Bonaventure","A10","6-2",0.68285865792542,107.487095750209,83,100.552535871801,136,68.6468165910126,254,"18-13","8.3-9.7",-0.321820594316426,76,2015-12-09
282,"St. Francis NY","NEC","2-5",0.219131956072103,93.6016629601445,309,104.537576721586,224,67.3143599293597,309,"13.6-17.4","9.2-8.8",-3.33720309299531,265,2015-12-09
274,"St. Francis PA","NEC","2-4",0.243081108151376,95.5568189872112,279,105.476855540264,236,68.3019969978485,273,"13.3-15.7","9.8-8.2",-2.23559983198694,212,2015-12-09
199,"St. John's","BE","5-3",0.409087627141055,94.3160158302246,300,97.3807217842215,81,69.2224047784953,226,"9.3-21.7","2.6-15.4",-1.19468431044499,140,2015-12-09
93,"Stanford","P12","3-3",0.711201468028659,105.400108733487,114,97.4555281641445,83,68.9587954265424,240,"12.6-16.4","6.2-11.8",-0.426996284790889,83,2015-12-09
108,"Stephen F. Austin","Slnd","3-3",0.652477418582261,106.09823110438,103,100.442696766537,132,70.6004785326476,139,"20.4-9.6","14.9-3.1",-1.27276965989855,146,2015-12-09
329,"Stetson","ASun","2-6",0.124847146575855,98.2857287520346,238,116.42065886438,349,72.8690945764557,51,"7.5-22.5","3.8-10.2",-3.94119239902241,293,2015-12-09
76,"Stony Brook","AE","2-3",0.753892933774307,105.682675894014,109,95.8797280064061,61,69.4248432474174,212,"22.8-8.2","13.6-2.4",-0.924370101760044,114,2015-12-09
40,"Syracuse","ACC","7-2",0.856254719271323,107.678952247921,80,92.2016516483817,24,67.0725015939929,317,"21.7-15.3","8.7-9.3",0.708339633455951,29,2015-12-09
109,"TCU","B12","4-4",0.652025628667111,101.752155043224,169,96.3449728924312,68,71.2241975698536,116,"13-20","4.1-13.9",-2.05719304034698,199,2015-12-09
88,"Temple","Amer","4-4",0.721570784636349,106.440600545871,97,97.9817557327992,93,67.3488123019125,306,"17-16","9.2-8.8",-1.05103461097286,123,2015-12-09
103,"Tennessee","SEC","4-3",0.667398981429489,106.878497745926,89,100.597989322195,138,70.8333261915868,128,"14-20","5.8-12.2",-1.19582861165805,141,2015-12-09
260,"Tennessee Martin","OVC","1-7",0.267012523771678,101.130316100895,177,110.412296993344,323,67.0335594264258,318,"12.5-20.5","7.6-8.4",-4.51797779829794,319,2015-12-09
242,"Tennessee St.","OVC","3-2",0.323274058980417,93.7817129581873,306,100.004021000777,123,68.6484171153219,253,"15.3-13.7","7.8-8.2",-1.23861925645874,145,2015-12-09
254,"Tennessee Tech","OVC","5-2",0.290782366891535,98.4507128033865,235,106.387211643139,258,72.6851162106697,56,"13.6-15.4","7.2-8.8",-1.17414283914095,135,2015-12-09
39,"Texas","B12","5-3",0.863498993543413,110.603722612957,52,94.2120850513207,41,68.8517238793346,245,"17.3-15.7","8.4-9.6",-0.728279089679449,99,2015-12-09
33,"Texas A&M","SEC","7-2",0.884672595239811,110.718698458738,51,92.7422202691792,29,71.3273692739076,110,"24.7-12.3","11.7-6.3",0.615909366886133,34,2015-12-09
205,"Texas A&M Corpus Chris","Slnd","4-2",0.399864830181979,96.5960561290053,262,100.067476794773,124,68.9711652264794,238,"18.5-12.5","11.8-6.2",-0.137605415309956,70,2015-12-09
250,"Texas Southern","SWAC","1-7",0.301654446668281,102.007593870102,163,109.732033882603,312,69.1455206600847,230,"15.6-17.4","13.2-4.8",-3.85256773498017,288,2015-12-09
220,"Texas St.","SB","2-2",0.358725845059415,91.5065436863723,329,96.247539557242,66,66.5470780720939,328,"13.2-15.8","8.9-11.1",-1.52642452088898,165,2015-12-09
81,"Texas Tech","B12","6-1",0.745930303274702,104.36754674546,128,95.0368347910808,49,69.5809155898984,200,"15.8-16.2","5.6-12.4",0.518636830141319,38,2015-12-09
338,"The Citadel","SC","3-4",0.106236415692316,98.5612357729439,232,118.614152270227,350,80.2944403221484,1,"7.4-21.6","3.6-14.4",-2.73177183162008,236,2015-12-09
133,"Toledo","MAC","5-3",0.588156649159886,108.850929526636,71,105.529691344547,238,70.5162895821617,141,"19.4-11.6","10.6-7.4",-1.56079349345908,169,2015-12-09
196,"Towson","CAA","6-3",0.417568399754928,100.06078284376,201,102.998433240397,198,66.6884427168431,324,"15.3-15.7","7.2-10.8",-1.83293638163014,187,2015-12-09
278,"Troy","SB","4-3",0.230574880372421,96.5960149114461,263,107.267531230205,277,72.8486960813151,52,"10.4-18.6","6.3-13.7",-2.40629922735627,220,2015-12-09
183,"Tulane","Amer","6-3",0.468172202415387,99.5595767040193,208,100.669387179944,141,69.1104189738899,232,"14.6-19.4","5.6-12.4",-1.77372848375516,182,2015-12-09
79,"Tulsa","Amer","6-3",0.751395599906399,106.303623013545,99,96.5556397543317,69,70.4583299669636,143,"18.2-13.8","9.4-8.6",-0.607711833650464,93,2015-12-09
115,"UAB","CUSA","5-3",0.63392385310336,102.251084544234,158,97.4836492958853,84,68.3280130180054,268,"21.8-10.2","12.8-5.2",-1.49643542044174,162,2015-12-09
191,"UC Davis","BW","3-3",0.438033348474977,101.949644972769,165,104.182483594464,217,70.0811876768978,175,"12.6-15.4","6.6-9.4",-1.8772409770652,191,2015-12-09
89,"UC Irvine","BW","5-3",0.71920202749529,103.611460666092,138,95.4750296344671,59,67.7275348072507,291,"22.6-13.4","10.9-5.1",-0.986279035025833,118,2015-12-09
187,"UC Riverside","BW","4-3",0.457084506585334,99.0683074622599,221,100.561907557475,137,70.4228246014124,147,"15.3-15.7","6.8-9.2",-2.38369476113784,218,2015-12-09
126,"UC Santa Barbara","BW","2-4",0.605931475968447,103.59516214941,141,99.7910276155791,121,67.115246091673,315,"15.5-16.5","9-7",-1.69891657767208,178,2015-12-09
159,"UCF","Amer","4-3",0.529606755213947,103.032667032334,148,101.975851030262,178,68.3187729299806,270,"13.6-16.4","6.6-11.4",-1.94299784630007,194,2015-12-09
43,"UCLA","P12","6-3",0.846449783423742,114.016074031684,28,98.2880680726428,103,71.7134260861942,91,"18.5-13.5","9.8-8.2",-0.315809399047046,74,2015-12-09
312,"UMass Lowell","AE","3-4",0.157808948545901,92.6566648074366,321,107.181126063143,272,72.0860644430475,79,"9.6-18.4","5.3-10.7",-2.31557926795361,215,2015-12-09
333,"UMBC","AE","2-8",0.11542261284228,92.7471085920841,319,110.715553162181,327,68.0483004949489,283,"7.4-24.6","4.2-11.8",-6.50558561842634,349,2015-12-09
211,"UMKC","WAC","3-4",0.374308246386223,99.3274607835342,215,103.865671225278,213,69.5609259023631,203,"14.1-13.9","8.6-5.4",-2.23075710358757,211,2015-12-09
216,"UNC Asheville","BSth","2-4",0.362879312416175,100.075343578893,200,105.09557662715,231,70.9535175933175,124,"16.6-15.4","11-7",-2.0869082912266,201,2015-12-09
283,"UNC Greensboro","SC","1-5",0.218590599167281,94.8702607935848,291,105.983569504196,250,69.9892901271051,180,"9.2-21.8","6.7-11.3",-4.27073617762879,309,2015-12-09
140,"UNC Wilmington","CAA","3-0",0.58270467945823,101.084942061012,180,98.1922783019,98,73.0529346231062,45,"18.3-12.7","10-8",0.379527673309627,45,2015-12-09
54,"UNLV","MWC","5-2",0.80412100951499,104.629426185194,126,92.5380814411145,27,71.186086971714,117,"21.7-9.3","12.4-5.6",0.526194626179659,37,2015-12-09
49,"USC","P12","7-2",0.829092927209229,110.334373544709,56,96.1772370443041,65,74.5405535799671,17,"21.2-12.8","9.2-8.8",0.706447501039203,30,2015-12-09
299,"USC Upstate","ASun","0-8",0.18021194232728,98.5620109471745,231,112.439736288384,337,69.3990945143574,214,"6.4-21.6","5-9",-6.08980061591881,345,2015-12-09
85,"UT Arlington","SB","8-2",0.735246030754611,105.732194285485,107,96.7462596768891,71,72.4425104383101,63,"26.5-7.5","15.5-4.5",0.427961450450535,42,2015-12-09
345,"UT Rio Grande Valley","WAC","1-5",0.0759502147052296,89.7210192381681,339,111.495282212415,330,70.3854731581479,151,"4.8-22.2","2.9-11.1",-3.2703572806698,264,2015-12-09
36,"Utah","P12","7-1",0.876250347718313,116.201174673337,17,98.0144600393357,94,70.3716477379621,152,"23.4-11.6","11.1-6.9",1.30082060267456,17,2015-12-09
145,"Utah St.","MWC","3-2",0.567612381903789,103.950827783567,130,101.519986433989,167,69.8835535193678,190,"15.5-13.5","8.6-9.4",-0.0661034162928543,65,2015-12-09
325,"Utah Valley","WAC","1-6",0.130290632574207,87.5058844403887,344,103.211838852461,202,73.7867731517004,34,"6.4-20.6","4.4-9.6",-4.55861372037093,321,2015-12-09
167,"UTEP","CUSA","5-2",0.51452118653445,99.0314889313691,223,98.5324170660715,105,71.8291404898045,89,"21.4-10.6","11.7-6.3",-1.02245885078006,121,2015-12-09
331,"UTSA","CUSA","1-7",0.121412157550652,95.7649131846779,275,113.748990435616,342,74.1940294996468,23,"6.8-23.2","4.4-13.6",-4.36469851275846,315,2015-12-09
35,"Valparaiso","Horz","6-2",0.880367277342499,105.542946464474,111,88.7266515725458,8,68.1860064139289,278,"29.3-5.7","16.2-1.8",0.861206555372427,24,2015-12-09
10,"Vanderbilt","SEC","6-3",0.950654304214919,117.382510686506,12,90.7578028098662,16,68.4914579973307,262,"24.5-8.5","14-4",-0.35699568973433,78,2015-12-09
42,"VCU","A10","5-3",0.852298808982256,108.0441547686,76,92.7703695097498,31,72.3584894696979,70,"23.5-12.5","12.1-5.9",-0.742613891520946,102,2015-12-09
158,"Vermont","AE","4-6",0.529928013358531,105.761958569853,106,104.665410183399,227,69.9845557982636,183,"20.6-15.4","11.1-4.9",-2.61033141601235,231,2015-12-09
5,"Villanova","BE","7-1",0.95951133292187,116.209670970176,16,88.2473545500282,6,68.2721271594524,274,"31.7-8.3","14.5-3.5",1.71506478516785,8,2015-12-09
3,"Virginia","ACC","8-1",0.960462722111214,117.652070484908,11,89.1504616303075,10,63.6709487687805,349,"29-8","13.3-4.7",1.69815359309759,9,2015-12-09
105,"Virginia Tech","ACC","6-3",0.66166876164055,106.155913508366,101,100.141452126549,125,71.6308546988656,92,"14-21","4.5-13.5",-1.61972716299983,172,2015-12-09
264,"VMI","SC","1-5",0.260940199980503,96.6511521941204,261,105.809200965647,247,70.9258047645274,125,"9.8-17.2","7.6-10.4",-2.79426704302991,237,2015-12-09
251,"Wagner","NEC","4-2",0.297799084641661,93.9404169692295,305,101.215516368332,159,70.8715354494799,126,"18.5-14.5","11-7",-0.843657092336758,107,2015-12-09
95,"Wake Forest","ACC","6-2",0.707543969595125,109.204983649625,67,101.12950052042,154,72.5284269600967,60,"14.4-16.6","5.6-12.4",0.560051892851262,36,2015-12-09
73,"Washington","P12","6-2",0.758485430151023,105.045248141769,123,95.0952184128938,51,76.750032599308,5,"18.7-15.3","7.5-10.5",0.121745623670833,57,2015-12-09
117,"Washington St.","P12","4-1",0.630888663733448,105.084469826945,120,100.298737036032,127,72.0392533788281,81,"12.4-17.6","5.1-12.9",-0.304960591620237,73,2015-12-09
157,"Weber St.","BSky","3-4",0.532525897545908,103.520228017452,142,102.354029250416,185,66.591886057586,327,"20.1-11.9","13.6-4.4",-2.19245737405229,208,2015-12-09
17,"West Virginia","B12","7-1",0.927063755750433,110.846585956351,49,88.8603191666496,9,74.3372759695461,22,"24.6-10.4","11.1-6.9",1.06700196434745,20,2015-12-09
229,"Western Carolina","SC","1-5",0.338244614960691,98.1155933119001,242,104.011882220644,215,71.5731850492474,95,"11.7-19.3","9.1-8.9",-2.64136681809854,233,2015-12-09
241,"Western Illinois","Sum","3-2",0.326571259892273,97.7470805624429,247,104.096330359327,216,69.2655056947737,222,"10-14","5.4-10.6",0.227873271615712,51,2015-12-09
164,"Western Kentucky","CUSA","3-4",0.518926380922225,103.782746230321,133,103.101454620315,200,68.6125927515046,255,"17.5-14.5","10.8-7.2",-2.14259360298794,205,2015-12-09
170,"Western Michigan","MAC","3-5",0.494232010417481,101.786965163441,168,101.991390064285,179,70.3456505074957,156,"13.9-16.1","8.9-9.1",-3.01056539696741,247,2015-12-09
34,"Wichita St.","MVC","3-4",0.884043976830957,110.351033899764,55,92.4836696414716,26,66.4860016136871,329,"23.6-10.4","15-3",-1.68615209462295,174,2015-12-09
90,"William & Mary","CAA","4-3",0.717718265782149,109.051095065703,69,100.551616113822,135,68.7916566484287,247,"19.3-9.7","12.5-5.5",-0.604283608159219,92,2015-12-09
202,"Winthrop","BSth","5-2",0.407766745955896,102.722160711034,154,106.110447137362,254,73.6198703431305,38,"18.3-10.7","11.7-6.3",-0.673326042460167,96,2015-12-09
48,"Wisconsin","B10","6-4",0.830987597555244,112.793955355401,32,98.2064675955877,99,64.9123691538275,344,"18.4-16.6","8.2-9.8",-0.796341702079222,105,2015-12-09
179,"Wofford","SC","2-5",0.476286727280698,99.9630289307889,202,100.791567283727,144,66.9447451117352,319,"15.6-14.4","11.5-6.5",-2.08850761843149,202,2015-12-09
240,"Wright St.","Horz","1-6",0.327293925784549,93.4932139311032,311,99.5377202509325,117,68.4931052170741,261,"12.3-20.7","7.4-10.6",-3.55651213010179,275,2015-12-09
178,"Wyoming","MWC","3-3",0.477372434429485,101.428751940771,173,102.23074230277,183,65.3427162302788,341,"13.6-16.4","7.5-10.5",-1.64973451501344,173,2015-12-09
11,"Xavier","BE","9-0",0.946082549969933,115.75892102801,18,90.2325421264958,13,72.9689969370177,48,"28.4-5.6","13.6-4.4",2.31056248803336,2,2015-12-09
98,"Yale","Ivy","5-4",0.693832104212335,103.959265703814,129,96.8206532157987,73,68.1044576617174,279,"17.9-11.1","9.9-4.1",-1.33619153613967,151,2015-12-09
268,"Youngstown St.","Horz","3-5",0.256046970506372,100.785646674471,184,110.580665067028,325,71.429230338368,107,"9.4-20.6","6.1-11.9",-4.03091512230823,303,2015-12-09
